    260734     25101
    748959     33692
    537126     62612
    816009     81301
    706291      4307
     99986     84897
    689366      6346
    520365     46145
    871783     47298
    178665     27461
    569027     78694
    852496     64558
    888972     30724
    537920     61213
    725752     17258
    937096      5644
    214925      7203
     59713     61255
    224571      4982
    483707     12069
    377205     63752
    669469     12554
    995889     44941
    850868     65053
    925407      5436
    129207     73923
    293481     53082
    193065     12903
    708594      8569
    981724     32011
    815750     80695
    122988     74642
    110873     81489
    927800      5304
    699465      4667
    484994     11935
    689045      8492
    213895      8610
     60097     65061
    596871     81352
    575417     82587
    414444     29539
    995170     42613
    720162     13200
    171005     39389
    194469     14366
    405774     37599
    166803     38883
    983630     35506
    226634      6281
    927086      8548
    251772     18334
    853577     67017
    755890     41675
    195054     13222
    870950     49048
     98735     81662
    360251     77888
    111296     81659
    583872     82004
    624887     55263
    659500     23499
    469496      7835
    440778      7775
    328874     78153
    482187     11445
    148051     57778
    738988     24761
    700500      7960
    757545     40809
    956055     10755
    140249     65120
    224062      4642
    603758     74671
    214097      8776
    101217     79585
    214137      8245
    564229     82193
    471844      7301
    721137     10367
    690822      4774
    405937     38604
    669011     16009
    899531     20090
    700238      6224
    756197     43700
    430821     14507
    616812     66335
    482163      8784
    547513     71118
    224562      4643
    958105     11243
    558964     73747
    357092     76687
    159342     46386
    644045     37710
    499989     25129
    136657     65245
    169543     37012
    659897     21343
    529079     53803
    481545     12910
    840503     71892
     69572     67595
    755001     42017
    642944     39617
    492182     14410
    529240     51349
    671996     13052
    176871     29852
    395625     49694
    264540     27164
    612192     64203
    842704     72631
    955286     12836
    358377     76056
    442870      9999
    873540     51405
    713234      8218
    577700     80664
     93509     80826
     52793     54384
    521262     43185
    462700      7627
     80968     75515
    146022     57901
    641933     39163
    302381     59976
    434485     13754
     90758     78432
    357060     78499
    338483     81362
    301568     59643
    964157     16210
    596265     78979
    622914     56396
    604976     71060
    516677     42339
    670691     14166
    661291     21235
    451687      8116
    160676     49006
    587926     78199
    346716     80565
    300715     58257
    435359     15224
    595315     78524
    833415     76696
    776154     61778
    614288     67703
    491016     19352
    692006      6803
    680319      8374
    633260     49933
    662933     23039
    728929     18605
    816341     79203
    195495     15993
    823431     80512
    860907     58336
    774534     63350
    519358     42032
    967647     16995
    375615     64818
    642203     39516
    690602      3255
    472806      5487
    234055      7229
     50147     49657
    950510      8785
    253491     18824
    748075     32748
    347909     82411
    796028     75513
    345768     80622
    936243      7335
    412971     27819
    274965     36154
     83226     77804
    996614     48405
    891190     30031
    841388     72909
    577444     84548
    624169     56842
    859725     59556
    832056     80504
    318640     76829
    242150     14268
    908139     15709
    279220     42268
    433127     14291
    326276     80509
    376171     68905
    974728     24162
    260650     26353
    908877     16329
    764089     53258
    385794     55736
    811076     83575
    120094     78222
    195648     12956
    272899     31053
    481772     11978
    320614     75327
    338482     82984
    312456     71910
    328347     78237
    413727     26692
    556050     75434
    214922      6434
    645354     38959
    482816     12729
    246619     10376
    166870     38433
    148744     58585
    404792     39180
    195686     16072
    851319     63257
    243953      8914
    836934     78196
    631222     45947
    833027     78036
    842626     73063
    147285     58902
    328650     81675
    368675     74582
    625319     58718
    396849     48910
    670418     14871
    339612     80468
    357384     80531
    407031     38958
    850432     64719
    643897     41267
    544909     69618
    537778     63237
    319037     76518
    260776     26688
    824368     80887
    679307      9621
     52670     54339
    728251     16302
    585985     80700
    350479     80297
    877035     39874
    301215     62858
    146494     56709
    973436     24654
    839211     72955
    508424     32767
    481779     10563
    375920     68199
    842485     72437
    245649     12907
    965973     19122
    757427     42029
    671979     14033
    224938      6236
     99162     80704
    118616     77021
    760362     45778
    480189     13245
    975339     26625
    565858     77005
    195840     16195
    651066     27335
    711517      6115
    281936     44474
    821298     80020
    451257      6376
    237205      5794
    963627     17274
    920278     10001
    613141     65699
    794493     74598
    852363     65938
    195871     13971
    936885      4337
     81492     75060
    528924     57289
    178170     27292
    606596     70730
    386069     57985
    783735     68112
    311264     68501
    159000     49656
    625097     57756
    337272     83976
    813439     82025
    783388     69607
    178286     30293
     80069     75557
    441632      9255
    851307     67548
    498685     24820
    414637     30490
    983085     32487
    802336     80000
    129459     71018
    318055     75522
    310555     66042
    196004     14859
    574802     80306
    956735     12259
    243496      9568
    548329     72070
    119074     76856
    871431     49209
    575813     81088
    825375     80426
    242035      9485
    984167     34967
    338829     82706
    814197     80637
    519028     43084
    288997     55217
    597514     79527
    699514      4780
    945778      6881
    748543     32072
    717749     11357
    611904     65313
    499805     27576
    158686     48452
    309074     68993
    462852      3902
    921114     10127
    814527     82639
    288260     55188
    558356     74297
    101861     80612
    413494     31286
    559766     74215
    395736     49991
    480316     12269
    805210     80966
    634531     48404
    663717     21856
    948763      8943
    453753      4065
    596457     77825
    545888     67576
    100728     77819
    860220     59958
    699055      6154
    955195     13426
    843983     74787
    730526     20609
    336270     79071
    919001      5542
    149302     57993
    450363      4461
    369078     72406
    482481     13877
    404246     38659
    738026     23227
    123243     79612
    740011     28468
    634814     47261
    635290     48278
     65002     60983
    660316     23252
    518470     45145
    488605     18012
    317732     76679
    169401     41930
    480527     12440
    766438     53963
     63598     59217
    672990     15060
    146453     59010
    690097     10084
     83114     77438
    947876      7043
    681012      7602
    766670     52945
    567324     79072
    326644     79683
    755969     44092
    509335     31944
     63921     63107
    463063      4776
    899829     22238
    415808     29076
    500692     25842
    911084     14202
    795833     76312
     65269     61067
    785936     68807
    139564     66298
    700617      4750
    862307     60742
    975631     26714
    997674     44235
    596005     76024
    671356     15312
    663554     21270
    785806     70386
    234456      6387
    950306      7836
    758437     40574
    975340     24553
    670437     15931
     93355     75765
    756754     44363
    827708     83514
    615711     66203
    976748     23828
    986912     32609
    566491     81077
    794866     75493
    527954     54267
    558003     74928
    479560     11895
    699815      6626
    869199     49926
    670235     14521
    888055     29726
    221267      5194
    556655     74528
    708522      7651
    159703     47420
    318613     76599
    567408     82017
    490484     17085
    348053     81934
    935497      4895
    958904     14021
    744959     33095
    651052     28148
    397605     49918
    889209     29820
    889673     29897
    319637     73961
    176669     33011
    445307      9245
    348276     79081
    672498     15045
    366105     72981
    879531     40329
    798140     75235
    642472     41134
    745607     36393
    977133     26253
    119656     78140
    121206     77322
    842094     72475
    548868     69768
    813714     80785
    568757     78975
    815063     79884
    196564     16233
    558772     76233
    578125     79330
    592310     76769
    337672     81293
    567334     80739
    907223     15068
    224282      5469
    986801     33753
    168674     39321
     82536     79400
    766687     54621
    510241     31112
    167701     36245
    165556     40152
    139175     68931
    593965     78717
    671378     14061
    936749      7795
    196648     17136
    527585     53187
    683380      7797
    336128     81252
    966354     20426
    510240     35654
    650468     28759
    346144     83528
    243578      9466
    170861     39797
    777620     59440
    650551     30555
    766831     51721
    606258     74288
    906430     12505
    290464     54118
    975675     25741
    851753     65617
     80841     76356
    186784     19369
    538924     61679
    893763     30139
    804648     79380
    462363      5588
    214136      7464
    217237      6300
    481053     11715
     91430     78312
    135372     64706
    575279     81057
    661970     21909
    223617      5755
    310216     66483
    499357     23687
    803777     80114
    368700     73763
    699628      3497
    493351     18018
    260691     27233
    745642     35424
     62214     63228
    459766      4943
    196892     13342
    348563     80223
    329671     83675
    762162     54114
    359857     79222
    140785     63871
    869655     46648
    385542     58027
    290860     49919
    921395     11196
    631928     48148
    310292     69172
    974205     26658
    765287     53042
    279940     46083
     81020     71681
    250859     15165
     71212     68394
    481021     13013
    293637     50925
    804346     81371
    417525     28400
    843401     72942
    164721     40646
    500613     24161
    120389     79626
    157280     50187
    994857     41814
     90881     78741
    453940      4209
    309853     69520
    346573     79951
    568072     79489
    160742     49763
    176252     30234
    654311     32317
    262275     24829
    806041     80109
    167962     39524
    690635      8955
    973023     24191
    329706     79336
    898009     20701
    814397     80366
    321388     73591
    357991     78310
    613780     66580
    613913     66878
    250028     17257
    964334     18030
    918947     10347
    389022     58945
    945658      7107
    480487     13795
    730047     19029
    909338     14124
    281034     44087
    918046      9973
    231072      7369
    348073     79437
    433385     12497
    121323     79380
    471111     10776
    481134     13257
    600657     72342
    535957     59195
    263372     23353
    909826     14531
    652673     31208
    586634     79338
    918682      7796
    890943     28891
    186319     21492
     73554     69208
    302252     63666
    680824      8316
     81866     77025
    793772     75359
    611446     65047
    823254     80812
    945656      8484
    546644     70221
    463563      5056
    241258     12976
    487174     19714
    177373     29915
    337577     81074
    614056     65481
    527941     53592
    756234     43008
    530097     50863
    594547     75447
    254372     19007
    717635     12493
     82522     75609
    168617     40499
    444314     10155
    130328     73381
    889465     26434
    225214      5895
    672093     14708
    574607     80382
    386035     55947
    925521      6789
    928184      9801
    527790     54255
    377644     67150
    233933      5321
    815205     80205
    871129     47395
    101025     81592
    652236     29713
    455612      7755
    517812     43720
    702308      8307
    954968     11990
    547443     71598
    815143     80236
    554412     74577
    756190     44382
    881203     37143
    860640     57381
    755838     45158
    336831     82126
    691554      5821
    120949     78227
    197687     12995
    233740      8060
     83179     74426
    643435     39642
    947123      7351
    283255     45756
    805067     78244
    243856     11604
    603597     71369
    937362      5212
    899318     23541
    623568     57037
    360677     78574
    879932     36149
    357321     78093
    963954     19470
    423695     23420
    840292     73856
    469360      5720
    822570     81161
    538976     62159
    444255     11727
    556763     77942
    955739     12510
    166132     39178
    355840     77599
    367009     74965
    374765     66822
    252730     19234
    777867     63241
    966981     17037
    652078     30136
    198040     12842
    681084     12032
    975078     25449
    367067     74679
    283280     43719
    168593     39259
    291157     54322
    161334     48572
    634175     49581
    644020     37245
    269449     32630
    651059     28427
    423976     20846
     91390     79527
    432533     11141
    243137      9276
    102177     80207
    957241     11899
     71974     69727
    576626     81668
    510024     32245
    690436      8243
    812091     81512
    226783      7756
    498365     24644
    198304     14773
    252800     18948
    844558     72597
    918247     11840
    128615     69947
    120245     79706
    242573     12577
    899371     18556
    698770      6420
    690516      4067
    499666     24896
    186694     20616
     70370     71503
    871996     46672
    869615     48315
    702216      8457
    786900     69342
    421788     19893
    662787     20036
    720947     11568
    815730     81821
    149398     55244
    920334      9030
    955970     11997
    176175     28254
    843346     69161
    128283     74714
    705808      5976
    399672     48191
    995026     44517
    912496     11078
    642502     38419
    730603     16566
    603075     73771
    422960     20693
    538595     63110
    767546     51648
    978011     27008
    356298     80070
    464384      6586
    282331     46543
    832579     78202
    709412      8280
    697136      6254
    282649     45174
    565824     81254
    186893     22516
    701903      6340
    569430     79315
    414980     30957
    765661     50661
    575271     80124
    482062     12536
    871837     47017
    265234     26217
    678956     11112
    431626     14843
    576736     80643
    320140     76375
    758713     41626
    983727     34563
    957500     10600
    740583     25822
    278862     44397
    530692     54232
    121556     74734
    223091      7011
    605429     70665
    834169     77091
    529761     51833
    984342     34466
    489654     18584
    375779     66079
     84373     74918
    337508     83115
    489503     19751
    348269     80489
    814065     81864
    359578     77664
    621501     53366
    461758      5948
    415858     27951
    263584     25149
    603738     71498
    557364     76115
    338372     82470
     50158     53766
    633812     47918
    557888     77371
    700210      3823
    367343     72415
    676696     11963
    920292      9828
    108672     82374
    881180     38699
    576640     80465
    721448     11529
    663049     20197
    910664     13915
    345023     81644
    149315     57094
    711548      8565
    128548     71795
    269371     35815
    747321     32705
     52232     52912
    385139     55520
    853102     66968
    159523     48252
    461120      5326
    364400     74605
    832620     80646
    395989     51146
    186256     21737
    262661     26215
    500058     28267
    111080     83537
    579905     81282
    386484     57072
    974974     24179
    414485     29493
    749752     32343
    500983     25517
    884012     38981
    738399     23049
    214151      5607
    889466     28611
    225292      4483
    815068     80146
    357252     79127
    645779     38374
    805249     77525
    576086     83940
    530354     53303
    898722     19775
    233951      9537
    431118     13886
    690592      5052
    404862     38277
    506649     32583
    176831     28857
    567473     82842
    796037     79699
     53112     49509
    578410     84074
    583439     80502
    774775     62865
    634570     47755
    756322     42120
    376518     64634
    367912     74413
    778507     59546
    460947      5940
    957876     10805
    140854     65969
    500493     23805
    156894     49382
     73095     69773
    480971     13285
    415594     32742
    672167     13468
    888710     28445
    757167     42682
    215448      6373
    168322     36663
    229872      6624
    329815     80749
    385319     56357
    101151     81922
    890278     29608
    871134     47716
    337516     79703
    936381      6144
    203581     10733
     72856     68705
    621171     56929
    367305     71545
    897971     21438
    947095      8902
    110699     79670
    483163      8628
    346690     79813
    812890     78593
    870606     47197
    938069      3212
    520251     43994
    803246     80358
    605662     70863
    955517     12204
    451392      7943
    320733     76067
    120931     79964
    928679      4844
    441660      9539
    651817     29118
    634109     49813
    850728     63082
    203736      6682
    160297     50483
    575442     81265
    747204     33372
    328597     79561
     64527     62250
    359010     76772
    235227     10413
    880358     36264
    697461      4363
    404742     39104
    699214      6086
    224885      4885
    110417     81912
    652481     29949
     92176     79439
    615422     64645
    174607     30815
    101019     82047
    501336     25900
    746082     34016
    765973     52569
    825341     78626
    871722     47090
    284072     43949
    679431      7345
    957056     13168
    673196     16083
     90083     77674
     51500     52632
    653645     29535
    444997     10422
    747129     33022
    511091     33489
    927433      5756
    653466     28846
    366171     74822
    137120     65858
    586077     82118
    442024      9104
    728026     16718
     70915     70294
     72450     71944
    678582      8531
    720945      9102
    231588      7887
    919241      7446
    974668     23546
    471335      7777
    330288     78023
    168481     36181
    168261     39816
    281044     43714
    519945     44264
     71425     69881
    717312     12563
    680637     10380
    454018      7361
    890816     27111
    784031     69920
    184691     22668
    948342      5022
    755381     45063
    557022     78777
    204172      8188
    589425     81332
    519641     45039
    137466     65489
    806610     84065
    236122      8992
    298580     60685
    834467     79194
    821726     80989
    595553     77877
    915103     12094
    518849     44682
    585178     79478
    330525     79396
    355307     75825
     88912     77299
    373933     65102
    355979     77011
    596634     78072
     90757     79742
    204288      6430
    845668     70578
    149917     56937
    891913     28511
    811185     81549
    265903     25911
    989320     34318
    214628      2562
     73336     70994
     63620     61781
    509154     32240
    510533     34735
    879507     38501
    500724     25750
    128130     73704
    825164     79646
    670353     13462
     81307     78698
    831105     81227
     53440     52320
    662316     18439
    204382      9766
    576913     79264
    394474     48983
    139853     66632
    973872     25808
    377045     67096
    204397     11730
    140350     66188
    281288     45161
    235511      6451
    769424     51613
    406365     42194
    217411      5484
     65412     59757
    946911      5155
    527557     50977
    405325     37024
    519291     43491
    557656     74258
    168213     39037
    927056      8772
    272640     32739
    862797     55294
    897721     22896
    293390     55051
    577134     81833
     82853     78485
    680992      8521
    605213     71918
    884644     39634
     91580     78092
    633024     49510
    339419     82957
    355824     79271
     98544     80751
    204531      8140
    402801     41210
    305828     69227
    386229     57471
    462157      6256
    489057     19867
    567249     77796
    349225     82632
    823300     80213
    500751     24360
    652388     29278
    699882      4237
    843656     71027
    929884      7043
    279830     46174
     53425     49212
    395995     48687
    186405     22016
    967386     17024
     53472     50974
    531496     54010
    403179     40301
    909329     15110
    194663     13397
    948290      4763
    681132      7450
    454850      6051
    291630     50486
    350109     82026
    255709     17264
    204625      8789
    768555     54608
    280768     44454
    575243     81148
    663039     21721
    964642     17685
    367330     71243
    148463     58726
    159080     49756
    538850     61579
    129580     72361
    716256     11004
    531456     50519
    613567     63318
    493211     17851
    997264     43704
    690877      7812
    965906     18642
    338718     79384
    501256     26512
     81480     77656
    634287     48211
    443810      9345
    357471     78228
    337276     78528
    482592     11050
    938771      7916
    831606     78098
    221501      5025
    404139     39434
    527678     51140
    616463     65609
    283083     40726
    861485     56631
    230821      8650
    118647     77066
    527667     54062
    919465      9956
    367908     72495
    643202     38770
    748011     33899
    919804     10288
    604690     73528
    451977      3600
    841796     74306
    102173     80919
     54487     53252
    777277     61877
    156757     46325
    322208     76171
    911094     13500
    716879     11584
    472750      8208
    359070     78465
    272083     35188
    397493     46516
    861106     56138
    842784     72857
    554773     76053
     55434     53098
    757950     44963
    624710     56662
    642673     38888
    204879      8643
    747506     34852
    166312     39652
    130618     72652
    388427     57961
    146800     54077
    168495     38043
    100409     80158
    985998     33454
    245460     12002
    910263     13953
    355665     75261
     55586     54117
     73819     71928
    680425      9797
    127625     74029
    272220     35871
    781449     61280
    701325      4261
    374742     66699
    204990      8984
    455325      6964
    679240      8799
    357940     77090
    204994     11634
    632922     47729
    300165     62183
    987021     36169
    726213     16614
    644227     39350
    632885     48895
    870286     47900
    111257     80032
    270311     34539
    112926     81583
    672125     14243
    689970      9206
    338682     81308
    100248     80726
    993583     42984
    243588     12259
    148072     59766
    969000     15616
    153090     57121
    550582     68058
    717856     12419
    737647     24323
    245776     12694
    558058     76837
    909781     14327
    424344     22420
    167804     40273
    471588      6442
    261180     26365
    318853     74271
    279234     44546
    253525     16801
    302615     64560
    882491     37350
    253372     18208
    796333     76829
    263496     21508
    660614     20005
    376696     68168
    194920     15745
    568888     80320
    863711     55898
    307736     67838
    378809     66147
    937697         0
    546749     66818
     80010     74970
    558498     72964
    591607     78143
    216612      5315
    595147     76220
    205185     12172
    216108      7286
    521535     42542
    433903     14637
    947359      8834
    718332      9418
    313704     70435
    319724     74815
    280860     44135
    786851     66830
    671275     13498
    310011     67769
    244037     11290
    832121     77479
    529253     54456
    568945     79696
    119107     78682
    205269      9557
    261014     30344
    709865      8896
    252380     17700
    890026     29398
     83778     74854
    167462     38321
    919195      8120
    282738     44511
    899951     22095
    594306     77078
    472681      7391
    309139     71488
     91207     80917
    823288     79787
    623442     56602
    661956     22792
    518819     43066
    522518     42989
    710879      8966
    509402     31163
    976483     26051
    413278     28620
    490542     19482
    663363     23557
    594205     76832
    583010     81580
    888837     28078
    529708     54610
    109712     81380
    835815     79175
    879465     39194
    690393      6631
    137340     67743
    872182     49610
    414901     28444
    360160     80477
    500148     25221
    178383     29593
    994308     45849
    384747     58925
    595899     74090
    689681      6159
    309687     68482
    737315     26369
    319170     77013
    746026     35603
    918974     10493
    253013     17669
    583385     80427
    362969     73986
    575854     81925
    626887     56116
    337280     83202
    378018     66544
    350994     82216
    753749     40819
    844327     69523
    670305     12659
    188529     21871
    462494      4639
    445833      9892
    845839     73654
    747573     36638
    461780      6272
    883429     41554
    260494     27466
    833766     77958
     63505     59761
    655606     28811
    823779     81931
    831199     77151
    794179     79574
    222952      7337
    974485     23687
    502208     27308
    399439     49158
    226619      9044
    663056     20829
    340600     79869
    205540      7788
    788133     68365
    282163     44581
    948381      7679
    339994     80720
    177348     29076
    871929     48777
    205578      9387
     62919     61364
    870124     49628
    435277     12711
    508950     34804
    394484     47753
    594884     76119
    890042     29040
    509257     33853
    671378     14296
    546502     71651
    816522     79376
    939686      5675
    357340     78560
    727749     17400
    985436     33930
    746444     36662
    431046     17146
    310819     68961
    832152     76949
    670097     14429
    319531     78534
    595577     78439
    765764     50956
    139192     64620
    939908      5857
    964648     17867
    849598     64264
    217672      5131
    985593     35222
    642921     40476
    757592     42529
    430920     12919
    566538     79501
    480430     12223
     83716     77628
    216403      6886
    794552     75526
    443853      9264
    640821     38377
    692170      5700
    369232     73415
    987122     34941
    566326     82994
    205755      9337
    700622      5197
    146547     54647
    596160     76255
    443762      6983
    540351     60861
    928945      5777
    358184     76188
    186705     22296
    567362     81775
    949074      7131
    442174     10552
    179177     28401
    205799      9374
     73399     70120
    661569     21655
     55363     51614
    470113      6836
     62976     62856
    975232     27856
    366901     73206
     99620     84806
    216955      6763
    523659     42422
    244625     10989
    167770     41994
     91268     76884
    739315     22163
    841224     72008
    268766     34978
    947849      9522
    823020     79819
    873995     48450
    486794     16588
    471251      6579
    518004     41999
    929112      5562
    478950      8944
    348006     82466
    433759     13641
    946830      5536
    406392     38846
    740063     23672
    719127     11796
    510379     34121
    557158     76141
    501594     22248
    727083     16737
    490214     16826
    406028     39671
    689023      6880
    549519     70380
    512883     34049
    670714     14401
    128501     73433
    464770      4785
    661151     21471
    746991     35030
    785080     69725
    997197     44540
    301457     60947
    519647     45725
    567907     79854
    118379     77636
    465242      4436
    547918     67353
    729202     19582
    185070     24920
    928991      5548
    737891     22896
    234062      6549
    675991     14087
    263253     22870
     62603     65149
    377573     66764
    291330     54366
    860435     55678
    680943      7078
    586861     82846
    698998      5997
    206092      8795
    597673     80942
    862294     54059
    783507     70758
    282292     43312
    615582     67182
    986816     36570
    719902     11978
    774413     62295
    633226     47706
    395270     45430
    539352     61059
    138370     65974
    889420     30116
    785761     66136
    415470     27888
    631591     48208
    166273     36354
    994290     44199
    728294     15692
    568999     77427
    261981     26526
    280200     45548
    633593     48526
    158886     48573
    831000     77823
    441466     10070
    879557     40445
    319036     77232
    766214     52935
    785666     69620
    792819     74276
    508514     36576
    114785     78208
    788745     70121
    453285      7860
    743336     33082
    139417     67904
    233140      7500
    566682     81847
    663024     21628
    509875     35306
    662189     19989
     50871     55024
    480947     10756
    970204     18461
    577232     80640
    413653     28865
    463956      9450
    544411     69713
    355292     80578
    519194     41837
    804539     78501
    261705     28711
    672744     15021
    909874     13388
    603769     70327
     80602     76170
    595649     78617
    968312     19773
     56289     53357
    671325     11321
    957850     14062
    692302      7601
     89380     80701
    890823     31179
    168056     38408
    758377     42037
    613890     62618
    986821     36685
    889349     27087
    604955     74402
    501183     26047
    186218     20898
    225028     10382
    410531     31668
    509235     35364
    576892     83175
    555990     77330
    241665     11027
    815497     79477
    321316     77810
    947475      4991
    967578     21293
    489305     15635
    244453     12868
    716874     11992
    633016     48130
    632950     49762
    966906     18485
    955861      9366
    224280      6917
    263522     25049
    688421      9128
    242805      9074
    766535     56142
    909029     13783
     82979     74087
    149346     57942
    776106     61006
    206512     10342
    243106     11065
    158829     48413
    521160     44380
    365043     71858
     86915     79095
    357254     75174
    406737     39031
    290549     52513
    765570     52423
    699723      4822
    292113     51828
    463966      5701
    129184     72171
    147723     57177
    605220     73970
    862550     57224
    321650     75646
     62177     61481
    254066     15898
    288933     54510
    366301     73735
    908799     15646
    554862     77394
    710485      6567
    958202      8414
    796354     75057
    177739     30683
    308096     68526
    861607     57667
    880493     39369
    206670     12099
    557410     77409
    822034     80437
    425540     21516
    342541     81616
    701159      5026
    280419     48177
    811720     83664
    568180     80822
    982977     35417
    966103     19630
    882639     40892
    225866      6623
    214060      5737
    225160      4546
    490332     17296
    633030     46591
    490806     19576
    747530     34083
    500653     23977
    635523     48699
    623571     59316
    871279     50516
    642574     41123
    948227     11046
    948994      9243
    853994     66105
    958137     12689
    470325      9362
    842057     70212
    795426     75959
     83862     75208
     93467     80292
     80599     77806
    376675     66823
    232457      6715
    427884     20905
    929129      3525
    414193     24567
    852881     63195
    406588     38567
    927172      6523
    489888     19007
    460674      5229
    786269     70323
    234664      7200
    255567     17948
    934966      2260
    354263     76172
    479975      9790
    872928     48403
    623922     58056
    880432     38203
    681134     10156
    129280     72725
    510769     36782
    736867     24783
    339133     83454
    518754     41226
    135522     64316
    851452     65786
    958765     12478
    968014     18613
    443419     10323
    102356     80650
    395434     48407
    709794      6774
    215303      5955
    852987     64212
     90426     80052
    100425     81968
     52078     52972
    709076      5787
    919288     12475
    966497     17740
    283164     41817
    309266     70248
     56096     54688
    768289     50427
    273792     33113
    164857     39998
    973364     26473
    396486     49970
    506945     33479
    860870     56827
    494968     19418
    336988     82243
    358627     78107
    498468     25142
    948136     11355
    328036     80583
    623445     57817
    813349     79410
    766992     52541
    442562      9746
    194846     15442
    207288     11673
    242939     14432
    653292     29744
    272160     34031
    157845     50266
    652305     29980
     81949     74283
    291535     53255
    804767     79069
    309357     69367
    842776     71233
    985462     34237
    311756     70355
    601977     71914
    232634      7208
    348351     80370
    568686     80090
    234115      8578
    207543     11762
    588926     80919
    318950     75292
    156196     45702
    395888     49072
    604310     74646
    625262     57316
    331204     77097
    834363     78416
    414971     33227
     75386     69169
    311269     68663
    234863     10241
    817127     82928
    566265     80312
    138957     66272
    310646     69918
    824685     78314
    652729     30793
    311960     71622
    976127     24434
    576558     83451
    679096     11091
    880001     38955
    928170      5997
    890280     29028
    129472     71557
    509830     35875
    786631     71066
    101768     82273
    548455     70078
    208034     10996
    643740     40343
     82273     74807
    945704      7248
    498709     25288
    176855     31708
    412978     32864
    568335     81540
    357695     81200
    357302     74852
    890802     32577
    755933     41377
    260205     25879
    777420     59445
    671830     14644
    917561      9493
    539590     60101
    786449     70083
    263779     24188
    426590     19755
    356383     77185
    918673     14554
    166923     37595
    606035     71083
    595741     77027
    711142      8357
    252952     19101
    150954     57098
    900688     21803
    934590      5692
    621490     54145
    617037     68327
    624069     58327
    765496     53999
    967819     21012
    821344     80974
    804661     77686
    652133     26806
    555078     75367
    560971     74475
    366984     74499
    262306     24127
    118289     79962
    758541     46139
    768681     50868
    167434     36953
    758069     42351
    594505     77623
    348184     81805
    529951     55421
    150141     60530
    487274     17525
    349577     81324
     91174     80458
    736561     26798
    946012      4743
    323141     75455
    615500     63980
    777386     62496
    947714      7440
    968638     17681
    755449     44372
    577274     82402
    994962     45982
    258586     26857
    644075     40104
    190732     21506
    282331     45063
    777936     58643
    520540     41109
    595132     76371
    785839     71449
    507047     35174
    319064     76612
    539201     62935
    164059     39643
    596839     78903
    185644     18439
    916518      8802
    348696     79857
    418912     29552
    718939     14131
    291887     52110
    215708      5683
    641728     37573
    351177     82692
    329407     78322
    499951     25257
    165440     35621
    270467     34044
    519652     42719
    721392     12013
    518274     44778
    299941     62705
    611046     67315
    300748     61799
    870590     47231
    927190      7100
    813604     80243
    737928     26765
    508629     35439
    416241     27420
    689790      4297
    700587      5041
    956575     11687
    747326     36009
    288970     53615
    269781     33228
    709558      8175
    423291     24349
    843110     72327
    870974     47558
    110548     82075
     60854     59818
    807097     80066
    407617     40871
    185538     22362
    680241     12707
    699685      7314
    224625      8292
    824471     79805
    642654     42071
    500828     25885
    899129     20796
    510584     33429
    518015     42999
     72800     68844
    688181      6754
    413761     27608
    513405     35258
     60991     60488
    509336     32441
    901790     20328
    785989     69870
    489676     16353
     62491     63180
    984285     35140
    878545     40088
    653639     31552
    488921     18621
    871929     51845
    831730     78010
    146136     58524
    778044     59590
    642990     38800
    833158     78407
    691448      5230
    356312     75379
    821714     81467
    280810     43424
    918331      9702
    424475     22150
    653623     31080
    120873     77333
    851754     67858
    240624     12172
    252850     16260
    841047     74462
    679589      9691
    282480     42845
    995155     45197
    974325     25793
    441701      9343
    224978      4483
     61232     62031
    918375      9077
    743982     36993
    254102     18180
    444007     10066
    273106     36840
    634501     48338
    127012     73117
    260749     25460
    758656     45798
    272615     36256
     61275     60313
    216011      6093
    222289      6504
    947364     10349
    845595     72837
    822332     80573
    698300      4780
    902252     23587
    216885      5262
    673239     15482
    413839     30763
    379634     64969
    758015     42606
    711386      7981
    262051     26734
    455096      6516
    403622     38476
    470959      4951
     92558     80094
    413954     31384
    417206     29155
    336930     81418
     80823     75570
    853699     65802
    727823     17956
     61398     58096
    680698      8221
    584870     83672
    166435     38995
    145300     55929
    120720     78468
    583895     81019
    681113     10821
    575237     85110
    101645     79897
    670732     14366
    518676     43612
    280401     44534
    555905     76755
    102225     82795
    882050     39794
    422590     22373
    118519     77339
    471766      9042
     55866     53191
    758564     42082
    216931      7405
    786661     70312
    128814     73645
    503306     26003
    863237     61233
    554611     73846
    271932     35867
    299836     64057
    982031     32918
    337388     77144
    785386     71142
    669836     10624
    348274     83752
    813553     81881
    939957      4311
    820531     84049
    689302      3739
    925068      3673
    739637     22644
    108942     78801
    834138     77411
    108852     80466
     80915     72546
    471797      5354
    557147     76435
    586401     79572
     92428     80630
    129424     68593
    692135      3951
    661521     20214
    569739     77227
    224298      4203
     61719     63099
     71427     68436
    348031     78541
    578440     80924
    539713     59707
    557071     76201
    777952     62348
    366887     71306
    211766      5245
    949157      6725
    424222     19598
    826636     79892
    805557     79295
    166292     38917
    986151     36042
    509349     33774
    368384     72381
    899171     22741
    425162     23952
    757101     43261
    129302     72389
    822862     79013
    185981     23188
    241178     13356
    777207     63198
    169037     36727
    767217     50911
    109475     79202
    527462     54737
    757329     44168
    806369     77905
    167774     41297
    461035      5806
    311114     70488
    493862     17346
    211529      6689
    707163      6842
    775736     62424
    917187     11004
    540508     60654
    472546      6144
    497398     27141
