    260734     25101
    748959     33692
    537126     62612
    816009     81301
    706291      4307
     99986     84897
    178016     29778
    880207     37989
    871783     47298
    640674     41022
    194721     14676
    118782     74837
    888972     30724
    331395     78651
    725752     17258
     64838     61651
     50563     54445
     59713     61255
    862133     57708
    483707     12069
    377205     63752
    669469     12554
    901536     21502
     59801     63234
    386150     57156
    129207     73923
    852082     66741
    193065     12903
    634380     46197
    718542     13987
    253259     17002
    122988     74642
    110873     81489
    290620     52810
    699465      4667
    484994     11935
    689045      8492
    966139     17715
     60097     65061
    596871     81352
    575417     82587
    414444     29539
    415829     31102
    720162     13200
    171005     39389
    194469     14366
    405774     37599
    166803     38883
    415354     29186
    226634      6281
    927086      8548
    784867     71126
    853577     67017
    755890     41675
    195054     13222
    422517     21128
     98735     81662
    360251     77888
    805938     80942
    653692     30583
    624887     55263
    300558     62852
    469496      7835
    440778      7775
    613284     67012
    482187     11445
    148051     57778
    405187     40561
    596129     79849
    757545     40809
    956055     10755
    140249     65120
    224062      4642
    603758     74671
     92156     81313
    826072     78591
    416011     28269
    603484     74094
    737791     24187
    721137     10367
    690822      4774
    405937     38604
    669011     16009
    899531     20090
    700238      6224
    349020     81504
    430821     14507
    616812     66335
    292419     54010
    547513     71118
    224562      4643
    958105     11243
    558964     73747
    357092     76687
    159342     46386
    644045     37710
    499989     25129
    136657     65245
    249230     16748
    186534     22356
    529079     53803
    481545     12910
    840503     71892
     69572     67595
    755001     42017
    453849      6470
    492182     14410
    529240     51349
    422532     20632
    394978     50076
    395625     49694
    264540     27164
    612192     64203
    842704     72631
    955286     12836
    983854     33970
    660132     21519
    889453     27714
    713234      8218
    862073     56499
     93509     80826
     52793     54384
    521262     43185
    462700      7627
     80968     75515
    146022     57901
    641933     39163
    302381     59976
    434485     13754
    611978     67036
    357060     78499
     62845     63244
    301568     59643
    964157     16210
    596265     78979
    253332     19009
    604976     71060
    442369     11095
    670691     14166
    661291     21235
    451687      8116
    517599     42656
    108582     81280
    159024     48713
    727379     20184
    435359     15224
    595315     78524
    289888     52690
    776154     61778
    614288     67703
    491016     19352
    692006      6803
    414970     26388
    754551     44293
    302015     59522
    728929     18605
    292586     53693
    195495     15993
    823431     80512
    860907     58336
    774534     63350
    955873     12137
    967647     16995
    375615     64818
    642203     39516
    690602      3255
    880722     39874
    234055      7229
     50147     49657
    950510      8785
    253491     18824
    309914     68024
    868835     48512
    369617     72700
    345768     80622
    936243      7335
    984508     34326
    765628     52507
     83226     77804
    841587     71690
    880463     40146
    841388     72909
    577444     84548
    564370     83366
    167253     40823
    748064     34691
    318640     76829
    242150     14268
    908139     15709
    279220     42268
    766719     52366
    326276     80509
    376171     68905
    974728     24162
    155360     46939
    908877     16329
    187002     21534
    930182      7872
    811076     83575
    120094     78222
    195648     12956
    336284     83165
    481772     11978
    195651     13410
    338482     82984
    312456     71910
    328347     78237
    413727     26692
    691905      7051
    556983     75693
    319311     77991
    482816     12729
    246619     10376
    166870     38433
    148744     58585
    615058     65846
    195686     16072
    851319     63257
    575539     81830
    836934     78196
    631222     45947
    841994     73360
    809569     80517
    147285     58902
    328650     81675
    281025     44902
    625319     58718
    699798      6503
    670418     14871
    339612     80468
    357384     80531
    407031     38958
    850432     64719
    627087     57308
    544909     69618
    937203      5981
    195752     12612
    260776     26688
    824368     80887
    679307      9621
     52670     54339
    728251     16302
    585985     80700
    920483     10106
    877035     39874
    672619     13250
     48904     50098
    973436     24654
    357234     77908
    508424     32767
    481779     10563
    375920     68199
    842485     72437
    245649     12907
    720096     12463
    757427     42029
     90586     82779
    224938      6236
     99162     80704
    118616     77021
    760362     45778
    386084     55495
    347547     77540
    565858     77005
    195840     16195
    651066     27335
    669902     13156
    660149     21254
    567398     78498
     92036     78221
    237205      5794
    963627     17274
    920278     10001
    871443     46809
    794493     74598
    852363     65938
    195871     13971
    936885      4337
     81492     75060
    528924     57289
    178170     27292
    606596     70730
    386069     57985
    783735     68112
    311264     68501
    346150     81022
    625097     57756
    108255     80662
    412535     29449
    431336     13607
    178286     30293
     80069     75557
    441632      9255
    851307     67548
    498685     24820
    414637     30490
    983085     32487
    802336     80000
    129459     71018
    318055     75522
    310555     66042
    196004     14859
    574802     80306
    956735     12259
    386580     58797
    548329     72070
    119074     76856
    871431     49209
    119078     77257
    825375     80426
    242035      9485
    984167     34967
    395785     46960
    753481     44061
    519028     43084
    196066     14900
    193934     14687
    699514      4780
    309366     68842
    626647     54982
    717749     11357
    611904     65313
    453963      7703
    432657     15290
    309074     68993
    462852      3902
    921114     10127
    814527     82639
    288260     55188
    558356     74297
    101861     80612
    413494     31286
    559766     74215
    395736     49991
    480316     12269
    805210     80966
    634531     48404
    643346     39313
    956224     12726
    453753      4065
    596457     77825
    545888     67576
    673265     14095
    938121      6279
    955904     10829
    803906     80992
    843983     74787
    881299     37308
    336270     79071
    376576     66213
    584255     78777
    450363      4461
    433943     14408
    482481     13877
    904439     21903
    738026     23227
    123243     79612
    814830     82321
    269778     32283
    110043     79894
     65002     60983
    251728     18751
    291420     52442
    488605     18012
    317732     76679
    169401     41930
    480527     12440
    766438     53963
     63598     59217
    672990     15060
    146453     59010
    690097     10084
    651205     28446
    947876      7043
    681012      7602
    766670     52945
    605047     72055
    803803     78267
    755969     44092
    509335     31944
     63921     63107
     73606     68512
    899829     22238
    415808     29076
    500692     25842
    911084     14202
    795833     76312
     65269     61067
    785936     68807
     71514     67108
    700617      4750
    397439     49711
    975631     26714
    997674     44235
    596005     76024
    671356     15312
    663554     21270
    356514     79109
    234456      6387
    291375     55212
    758437     40574
    678472      9112
    670437     15931
     93355     75765
    756754     44363
    827708     83514
    615711     66203
    140390     65072
    986912     32609
    614075     66547
    794866     75493
    527954     54267
    196461     12573
    479560     11895
    699815      6626
    869199     49926
    670235     14521
    888055     29726
    475384      5641
    556655     74528
    708522      7651
    137781     67240
    318613     76599
    567408     82017
    117779     78426
    175331     30571
    935497      4895
    958904     14021
    155005     48607
    348382     79225
    397605     49918
    392069     50014
    319670     74317
    319637     73961
    308621     68869
    366541     72577
    348276     79081
    672498     15045
    880235     38647
    879531     40329
    798140     75235
    642472     41134
    745607     36393
    939311      7934
    119656     78140
    121206     77322
    842094     72475
    548868     69768
    406841     36531
    568757     78975
    815063     79884
    196564     16233
    558772     76233
    578125     79330
    592310     76769
    699472      4076
    567334     80739
    717888     10203
    224282      5469
    444139      8496
    168674     39321
     82536     79400
    481100     14654
    510241     31112
    167701     36245
    165556     40152
    139175     68931
    593965     78717
    671378     14061
    936749      7795
    196648     17136
    527585     53187
    683380      7797
    336128     81252
    966354     20426
    510240     35654
     91359     79583
    128129     71239
    243578      9466
    170861     39797
    777620     59440
    650551     30555
    766831     51721
    606258     74288
    906430     12505
    290464     54118
    975675     25741
    851753     65617
     80841     76356
    186784     19369
    254087     18558
    893763     30139
    804648     79380
    317608     75564
    311968     68684
    272059     36844
    481053     11715
     91430     78312
    135372     64706
    575279     81057
    661970     21909
    769556     55401
    310216     66483
    196811     12033
    669269     12275
    368700     73763
    699628      3497
    493351     18018
    260691     27233
    443991      9662
     62214     63228
    459766      4943
    196892     13342
    651651     28614
    329671     83675
    354530     77014
    359857     79222
    646086     38359
    869655     46648
    385542     58027
    290860     49919
    921395     11196
    631928     48148
    310292     69172
    830604     80771
    765287     53042
    279940     46083
     81020     71681
     99377     79978
     71212     68394
    568611     81644
    293637     50925
    517130     42826
    966839     22732
    843401     72942
     73809     72882
    500613     24161
    120389     79626
    157280     50187
    318170     75072
    230440      8694
    453940      4209
    309853     69520
    691538      6037
    995042     43769
    160742     49763
    176252     30234
    654311     32317
    262275     24829
    806041     80109
    167962     39524
    502216     27497
    973023     24191
    329706     79336
    898009     20701
    814397     80366
    321388     73591
    357991     78310
    613780     66580
    613913     66878
    250028     17257
    566665     77522
    918947     10347
    389022     58945
    945658      7107
    480487     13795
    691134      3917
    559386     76903
    111388     80883
    918046      9973
    231072      7369
    348073     79437
    433385     12497
    112608     79988
    471111     10776
    481134     13257
    600657     72342
    553810     74056
    263372     23353
    805855     79068
    197229     13328
    554782     74150
    918682      7796
    890943     28891
    167978     39140
     73554     69208
    755264     44985
    680824      8316
     81866     77025
    793772     75359
    611446     65047
    823254     80812
    945656      8484
    546644     70221
    774515     63123
    643506     36592
    309359     67460
    177373     29915
    337577     81074
    663664     20861
    527941     53592
    756234     43008
    530097     50863
    594547     75447
    254372     19007
    469140      8387
     82522     75609
    168617     40499
    444314     10155
    130328     73381
    889465     26434
    225214      5895
    672093     14708
    574607     80382
    709664      6091
    925521      6789
    928184      9801
    527790     54255
    377644     67150
    233933      5321
    815205     80205
    871129     47395
    101025     81592
    652236     29713
    450187      6162
    517812     43720
    702308      8307
    366323     74911
    529371     52776
    613650     65872
    554412     74577
    756190     44382
    881203     37143
    860640     57381
    328499     79493
    336831     82126
    691554      5821
    120949     78227
    197687     12995
    349300     79769
     83179     74426
    643435     39642
    947123      7351
    283255     45756
    805067     78244
    243856     11604
    603597     71369
    937362      5212
    936385      6881
    197781     14906
    360677     78574
    879932     36149
    357321     78093
    963954     19470
    423695     23420
    840292     73856
    469360      5720
    822570     81161
    538976     62159
    444255     11727
    556763     77942
    955739     12510
    698700      6128
    355840     77599
    167042     37781
    374765     66822
    252730     19234
    777867     63241
    289304     53305
    652078     30136
    198040     12842
    681084     12032
    431096     12625
    367067     74679
    283280     43719
    168593     39259
    291157     54322
    891735     29585
    430922     16721
    644020     37245
    860766     58323
    651059     28427
    423976     20846
     91390     79527
    834026     78185
    835615     77456
    102177     80207
    957241     11899
     71974     69727
    576626     81668
    606682     74014
    690436      8243
    812091     81512
    226783      7756
    498365     24644
    198304     14773
    252800     18948
    844558     72597
    918247     11840
    128615     69947
    120245     79706
    291724     54098
    899371     18556
    698770      6420
    690516      4067
    499666     24896
    186694     20616
    349419     83004
    871996     46672
    869615     48315
    702216      8457
    786900     69342
    421788     19893
    337144     82603
    720947     11568
    966217     18171
    149398     55244
    624802     59596
    889071     29349
    176175     28254
    843346     69161
    128283     74714
    705808      5976
    399672     48191
    995026     44517
    512200     33377
    282765     41923
    460190      5498
    714464     11664
    422960     20693
    538595     63110
    271336     35618
    607625     71815
    356298     80070
    464384      6586
    282331     46543
    968603     17415
    812980     81704
    697136      6254
    282649     45174
    565824     81254
    186893     22516
    757067     42049
    569430     79315
    414980     30957
    765661     50661
    575271     80124
    482062     12536
    871837     47017
    265234     26217
    678956     11112
    431626     14843
    576736     80643
    320140     76375
    758713     41626
     63949     62570
    957500     10600
    740583     25822
    281698     45108
    710799      5624
    121556     74734
    223091      7011
    605429     70665
    834169     77091
    529761     51833
    642772     38151
    489654     18584
    575154     79860
     84373     74918
    299176     62953
    489503     19751
    348269     80489
    814065     81864
    359578     77664
    621501     53366
    461758      5948
    450817      8353
    490173     16882
    526950     52691
    557364     76115
    338372     82470
    109719     81372
    633812     47918
    557888     77371
    700210      3823
    644422     37971
    890184     27439
    481446     14392
    108672     82374
    881180     38699
    576640     80465
    721448     11529
    663049     20197
    937546      4894
    345023     81644
    149315     57094
    444642     10613
    128548     71795
    269371     35815
    935838      5562
    307908     68599
    385139     55520
    853102     66968
    159523     48252
    461120      5326
    364400     74605
    221961      5530
    395989     51146
    186256     21737
    262661     26215
    500058     28267
    111080     83537
    252331     17215
    558415     73688
    974974     24179
    414485     29493
    935026      4521
     90420     80706
    949842      6768
    187380     20886
    203083      9063
    889466     28611
    225292      4483
    737919     27283
    357252     79127
    645779     38374
     81389     75713
    576086     83940
    530354     53303
    898722     19775
    586417     79363
    431118     13886
     99260     82090
    404862     38277
    506649     32583
    261821     22850
    908096     12599
    796037     79699
     53112     49509
    578410     84074
    583439     80502
    774775     62865
    634570     47755
    756322     42120
    730050     16910
    367912     74413
     53476     54183
    460947      5940
    957876     10805
    318975     75118
    250590     17273
    156894     49382
     73095     69773
    480971     13285
    415594     32742
    672167     13468
    888710     28445
    130819     70644
    557909     76871
    633825     48771
    229872      6624
    900634     20726
    385319     56357
    101151     81922
    890278     29608
    550676     69981
    337516     79703
    393899     46139
    203581     10733
     72856     68705
    530723     52594
    393738     50219
    897971     21438
    670854     13562
    385673     56247
    947784      6024
    346690     79813
    898888     23625
    870606     47197
    938069      3212
    158689     45277
    434024     14375
    994519     42669
    955517     12204
    451392      7943
    320733     76067
    120931     79964
    520817     46040
    441660      9539
     62846     62580
    634109     49813
    850728     63082
    203736      6682
    160297     50483
    203756     11038
    226250      4963
    329698     77256
     64527     62250
    113650     81140
    235227     10413
    880358     36264
    697461      4363
    404742     39104
    699214      6086
    224885      4885
    833206     74741
    129583     74025
     92176     79439
    615422     64645
    174607     30815
    293030     53145
    501336     25900
    820919     82024
    765973     52569
    432768     15726
    871722     47090
    736660     25157
    679431      7345
    957056     13168
    673196     16083
     90083     77674
    946393      6171
    803073     79934
    444997     10422
    254084     15734
    511091     33489
    414888     29810
    653466     28846
    287840     54706
    177745     33029
    586077     82118
    442024      9104
    728026     16718
     70915     70294
     72450     71944
    376931     66477
    537280     60347
    231588      7887
    919241      7446
    974668     23546
    471335      7777
    330288     78023
    168481     36181
    328163     81061
    281044     43714
    519945     44264
     71425     69881
    717312     12563
    481032     12726
    454018      7361
    890816     27111
    784031     69920
    184691     22668
    948342      5022
    755381     45063
    975969     25978
    204172      8188
    775920     59714
    519641     45039
    137466     65489
    806610     84065
    236122      8992
    194113     13080
    956457     13582
    233325      9644
    595553     77877
    915103     12094
    892392     31591
    585178     79478
    330525     79396
    355307     75825
     88912     77299
    373933     65102
    796332     78380
    596634     78072
     90757     79742
    204288      6430
    273250     31368
    149917     56937
    796121     75884
    566305     78370
    265903     25911
    989320     34318
    547978     70513
     73336     70994
     63620     61781
    509154     32240
    993387     43884
    879507     38501
    775910     61934
    461780      5834
    825164     79646
    938265      6047
     81307     78698
    831105     81227
    803700     77261
    662316     18439
    204382      9766
     81756     75910
    585932     79412
    489780     16326
    973872     25808
    994739     41461
    204397     11730
    140350     66188
    281288     45161
    235511      6451
    784955     70145
    406365     42194
    520770     43167
     65412     59757
    946911      5155
    527557     50977
    853175     65700
    908382     15502
    337099     80868
    168213     39037
    511724     31958
    272640     32739
    862797     55294
     70960     67460
    293390     55051
    577134     81833
    708914      6929
    680992      8521
    605213     71918
    884644     39634
    482856      8947
    633024     49510
    339419     82957
    355824     79271
    613369     63536
    204531      8140
    402801     41210
    606062     71178
    405843     37793
    462157      6256
    489057     19867
    567249     77796
    349225     82632
    823300     80213
    500751     24360
    937209      4809
    699882      4237
    843656     71027
    929884      7043
    279830     46174
     53425     49212
    834519     78856
    186405     22016
    309891     70023
    373538     66985
    531496     54010
    403179     40301
    594109     78468
    431042     15766
    948290      4763
    824926     80217
    480011     14595
    187908     19870
    426622     21376
    255709     17264
    204625      8789
     62382     60926
    280768     44454
    575243     81148
    254194     18452
    964642     17685
    367330     71243
    148463     58726
    159080     49756
    422801     21200
    129580     72361
    716256     11004
    413510     28839
    996341     41983
    414719     31679
    997264     43704
    690877      7812
    965906     18642
    368414     74392
    501256     26512
     81480     77656
    634287     48211
    471127      8383
    242305     11706
    632450     48063
    482592     11050
    938771      7916
    634262     51057
    221501      5025
    404139     39434
    527678     51140
    616463     65609
    283083     40726
    328953     77768
    230821      8650
    118647     77066
    527667     54062
    919465      9956
    367908     72495
    643202     38770
    748011     33899
    843044     73409
    604690     73528
    451977      3600
    841796     74306
    102173     80919
     54487     53252
    559273     74428
    630363     48767
    291671     50317
    911094     13500
    716879     11584
    472750      8208
    359070     78465
    662657     20983
    397493     46516
    861106     56138
    842784     72857
    554773     76053
    952649     11183
    757950     44963
    624710     56662
    642673     38888
    204879      8643
    747506     34852
    166312     39652
    130618     72652
    388427     57961
    146800     54077
    168495     38043
    100409     80158
    985998     33454
    245460     12002
    910263     13953
    355665     75261
     55586     54117
     73819     71928
    679848      8887
    127625     74029
    841384     71680
    167818     37844
    701325      4261
    374742     66699
    204990      8984
    455325      6964
    679240      8799
    357940     77090
    204994     11634
    985858     35882
    300165     62183
    987021     36169
    547044     70187
    644227     39350
    158578     47679
    870286     47900
    813464     80848
    270311     34539
    348157     79930
    672125     14243
    689970      9206
    338682     81308
    100248     80726
    993583     42984
    672753     13273
    148072     59766
    969000     15616
    153090     57121
    550582     68058
    717856     12419
    737647     24323
    245776     12694
    558058     76837
    909781     14327
    964088     19639
    902670     23129
    471588      6442
    261180     26365
    613645     67436
    279234     44546
    253525     16801
    302615     64560
    882491     37350
    709169      5453
    796333     76829
    263496     21508
    205122      9440
    376696     68168
    194920     15745
    568888     80320
    863711     55898
    307736     67838
    378809     66147
    937697         0
    546749     66818
     80010     74970
    365986     72151
    591607     78143
    852188     66768
    592330     79357
    205185     12172
    682904     11178
    521535     42542
    433903     14637
    395879     46508
    260275     24613
    224903      4777
    319724     74815
    396526     49170
    384118     58859
    671275     13498
    310011     67769
    602878     72095
    843486     74376
    529253     54456
    205252     11385
    119107     78682
    205269      9557
    261014     30344
    865217     60425
    252380     17700
    890026     29398
     83778     74854
    167462     38321
    919195      8120
    282738     44511
    344687     80855
    651905     28145
    472681      7391
    291029     52006
     91207     80917
    640770     38008
    623442     56602
    976894     24699
    518819     43066
    522518     42989
    710879      8966
    509402     31163
    821940     80987
    413278     28620
    490542     19482
    441266     11516
    594205     76832
    583010     81580
    699467      5259
    529708     54610
    538266     59591
    835815     79175
    205366      5976
    690393      6631
    490653     15171
    872182     49610
    414901     28444
    360160     80477
    556538     77427
    633678     48286
    994308     45849
    384747     58925
    595899     74090
    689681      6159
    309687     68482
    737315     26369
    319170     77013
    746026     35603
    918974     10493
    253013     17669
    578427     80594
    362969     73986
    575854     81925
    996569     41207
    337280     83202
    378018     66544
    245938     11464
    473886      6915
    844327     69523
    661825     25678
    110797     81102
    841534     73378
    445833      9892
    814961     83370
    737318     25567
    461780      6272
    883429     41554
    261646     25332
    833766     77958
     63505     59761
    367775     73447
    823779     81931
    831199     77151
    316295     73022
    222952      7337
    974485     23687
    502208     27308
    399439     49158
    226619      9044
    663056     20829
    337429     81348
    205540      7788
    243868     10335
    864036     61048
    948381      7679
    948615      5680
    729226     18439
    871929     48777
    205578      9387
    556848     75507
    415527     28462
    225214      4652
    508950     34804
    394484     47753
    594884     76119
    890042     29040
    509257     33853
    463827      5719
    546502     71651
    816522     79376
    939686      5675
    873029     47744
    727749     17400
    985436     33930
    940165      6002
    773202     62985
    310819     68961
    261742     24496
    670097     14429
    319531     78534
    595577     78439
    765764     50956
    139192     64620
    939908      5857
    127430     70584
    849598     64264
    803534     77967
    985593     35222
    642921     40476
    757592     42529
    430920     12919
    566538     79501
    641532     36004
     83716     77628
    390111     57274
    794552     75526
    289074     53480
    640821     38377
    692170      5700
    853145     66509
    927185     10583
    566326     82994
    205755      9337
    700622      5197
    146547     54647
    596160     76255
    443762      6983
     98924     81777
    928945      5777
    890058     30856
    186705     22296
    567362     81775
    949074      7131
    442174     10552
    179177     28401
    205799      9374
    548926     70421
    661569     21655
     55363     51614
    470113      6836
     62976     62856
    975232     27856
    366901     73206
    175320     29141
    973529     28195
    523659     42422
    244625     10989
    167770     41994
    911262     15106
    739315     22163
    712646      8950
    268766     34978
    947849      9522
    593503     77138
    873995     48450
    486794     16588
    471251      6579
    518004     41999
    433758     13940
    644517     39706
    348006     82466
    433759     13641
    484031     11421
    406392     38846
    740063     23672
    547327     68725
    368312     71047
    180977     29491
    501594     22248
    727083     16737
    309594     67312
    406028     39671
    689023      6880
    549519     70380
    512883     34049
    670714     14401
    128501     73433
    464770      4785
    661151     21471
    719701     12082
    785080     69725
    997197     44540
    301457     60947
    471635      6850
    364948     74145
    965796     18308
    465242      4436
    444495      7866
    729202     19582
    375944     66156
    928991      5548
    661925     21677
    147555     60672
    675991     14087
    546897     69794
     62603     65149
    377573     66764
    291330     54366
    860435     55678
    727639     19169
    987111     32158
    618735     63218
    206092      8795
    244682     12381
    784628     68601
    783507     70758
    282292     43312
    235425      3045
    986816     36570
    719902     11978
    774413     62295
    165733     40866
    774970     63182
    539352     61059
    235700      9390
    889420     30116
    234990      8097
    415470     27888
    631591     48208
    739898     27341
    994290     44199
    728294     15692
    568999     77427
    261981     26526
    280200     45548
    633593     48526
    158886     48573
    831000     77823
    281891     41276
    879557     40445
    233797     11257
    560381     75826
    123157     74547
    747667     35791
    508514     36576
    510071     35318
    788745     70121
    453285      7860
    743336     33082
    139417     67904
    338373     81959
    566682     81847
    663024     21628
    509875     35306
    911597     15770
    377267     67180
    480947     10756
    970204     18461
    491052     19382
    181264     29195
     84637     78394
    544411     69713
    355292     80578
    519194     41837
    804539     78501
    261705     28711
    859709     58111
    833748     78420
    603769     70327
     80602     76170
    652109     30108
    968312     19773
     56289     53357
    671325     11321
    957850     14062
    692302      7601
     89380     80701
    890823     31179
    223777      4014
    758377     42037
    613890     62618
    986821     36685
    289583     51198
    518174     42650
    340410     79054
    186218     20898
    225028     10382
    691470      6255
    653090     30435
    576892     83175
    555990     77330
    241665     11027
    815497     79477
    321316     77810
    377977     64356
    967578     21293
    489305     15635
    682019      9082
    585310     81139
    633016     48130
    632950     49762
    966906     18485
    955861      9366
    224280      6917
    263522     25049
    688421      9128
    376857     65051
    851529     64478
    909029     13783
    803499     82985
    149346     57942
    851352     66434
    206512     10342
    243106     11065
    158829     48413
    521160     44380
    669869     15138
    386835     57448
    357254     75174
    406737     39031
    290549     52513
    651686     30505
    699723      4822
    292113     51828
    576481     85597
    129184     72171
    147723     57177
    605220     73970
    862550     57224
    321650     75646
     62177     61481
    403348     37653
    460861      5948
    520420     44462
    908799     15646
    138384     67042
    709157      4387
    958202      8414
     71728     68209
    177739     30683
    308096     68526
    871090     48253
    368917     71418
    206670     12099
    812625     81042
    822034     80437
    425540     21516
    342541     81616
    948105      7242
    681048     10325
    811720     83664
    568180     80822
    982977     35417
    966103     19630
    882639     40892
    225866      6623
    823546     81298
    736077     24606
    633202     45626
    633030     46591
    490806     19576
    511561     35589
    500653     23977
    908974     15915
    623571     59316
    471679      6188
    644619     36594
    607733     70422
    996161     43482
    853994     66105
    394024     46908
    470325      9362
    842057     70212
    690369      4108
     83862     75208
    728786     18752
     80599     77806
    356129     79030
    232457      6715
    427884     20905
    929129      3525
    414193     24567
    852881     63195
    406588     38567
    927172      6523
    489888     19007
    538634     61630
    786269     70323
    234664      7200
    623458     57886
    934966      2260
    928705      6108
    479975      9790
    872928     48403
    623922     58056
    515436     42316
    681134     10156
    870950     46457
    510769     36782
    358771     78931
    265009     26527
    823583     81183
    329170     80605
    518320     43295
    958765     12478
    968014     18613
    443419     10323
    166588     40506
    395434     48407
    709794      6774
    424668     19779
    852987     64212
    679592      7650
    100425     81968
    338924     79532
    709076      5787
    881074     40481
    966497     17740
    283164     41817
    595839     76879
     56096     54688
    768289     50427
    273792     33113
    164857     39998
    973364     26473
    728998     17322
    506945     33479
    939272      6184
    494968     19418
    336988     82243
    358627     78107
    377692     66400
    948136     11355
    328036     80583
    623445     57817
    813349     79410
    426178     21203
    442562      9746
    194846     15442
    207288     11673
    242939     14432
     74108     69307
    272160     34031
    157845     50266
    652305     29980
     81949     74283
    289766     51763
    804767     79069
    491281     18056
    842776     71233
    282972     41559
    311756     70355
    601977     71914
    232634      7208
    253928     19202
    568686     80090
    234115      8578
    207543     11762
    588926     80919
    318950     75292
    156196     45702
    395888     49072
    604310     74646
    625262     57316
    931739      5018
    834363     78416
    414971     33227
     75386     69169
    311269     68663
    234863     10241
    817127     82928
    606700     71562
    149576     56816
    310646     69918
    824685     78314
    652729     30793
    311960     71622
    976127     24434
    576558     83451
    679096     11091
    880001     38955
    385610     56429
    142083     66823
    129472     71557
    445326     11920
    786631     71066
    101768     82273
    548455     70078
    208034     10996
    643740     40343
    383031     57740
    945704      7248
    498709     25288
    176855     31708
    412978     32864
    568335     81540
    393415     49575
    853012     63858
    890802     32577
    755933     41377
    623451     55625
    777420     59445
    671830     14644
    917561      9493
    539590     60101
    786449     70083
    537370     64761
    426590     19755
    356383     77185
    918673     14554
    166923     37595
    593877     78210
    595741     77027
     80181     75337
    252952     19101
    803433     80523
    900688     21803
    934590      5692
    621490     54145
    617037     68327
    499539     25686
    765496     53999
    967819     21012
    821344     80974
    884256     37822
    498897     24718
    555078     75367
    560971     74475
    366984     74499
    262306     24127
    118289     79962
    758541     46139
    768681     50868
    167434     36953
    758069     42351
    594505     77623
    843930     74497
    529951     55421
    784865     71786
    518164     44147
    349577     81324
    119591     78744
    736561     26798
    186120     19811
    323141     75455
    821189     79260
    777386     62496
    337147     80841
    968638     17681
    755449     44372
    577274     82402
    994962     45982
    909084     12815
    644075     40104
    190732     21506
    282331     45063
    777936     58643
    520540     41109
    669619     12877
    785839     71449
    669521     15482
    319064     76612
    539201     62935
    164059     39643
    596839     78903
    185644     18439
    916518      8802
    348696     79857
    418912     29552
    718939     14131
    291887     52110
     82944     75924
    641728     37573
    587823     81207
    329407     78322
    804309     78908
     72186     66820
    270467     34044
    862964     56180
    721392     12013
    518274     44778
    299941     62705
    611046     67315
    300748     61799
    870590     47231
    927190      7100
    813604     80243
    737928     26765
    301206     60883
    416241     27420
     60806     63178
    700587      5041
    956575     11687
    747326     36009
    841258     73514
    269781     33228
    861303     58285
    423291     24349
    843110     72327
    870974     47558
    110548     82075
     60854     59818
    807097     80066
    407617     40871
    185538     22362
    680241     12707
    699685      7314
    224625      8292
    824471     79805
    642654     42071
    497689     26256
    899129     20796
    510584     33429
    518015     42999
     72800     68844
    688181      6754
    413761     27608
    513405     35258
     60991     60488
    509336     32441
    901790     20328
    785989     69870
    488376     17212
     62491     63180
    739570     21972
    878545     40088
    653639     31552
    488921     18621
    871929     51845
    831730     78010
    146136     58524
    878298     38460
     61119     61889
    833158     78407
    691448      5230
    356312     75379
    821714     81467
    280810     43424
    404475     37179
    424475     22150
    653623     31080
    120873     77333
    586851     79063
    240624     12172
    252850     16260
    785504     70751
    367941     71693
    282480     42845
    995155     45197
    974325     25793
    441701      9343
    224978      4483
     61232     62031
    918375      9077
    743982     36993
    254102     18180
    444007     10066
    273106     36840
    470999      7157
    614068     66040
    784931     70521
    758656     45798
    272615     36256
     61275     60313
    859483     57707
    222289      6504
    947364     10349
    938713      4347
    280537     43643
    698300      4780
    902252     23587
    300710     60521
    673239     15482
    413839     30763
    245390     12831
    916759      9324
    711386      7981
    396572     49205
    938373      6895
    403622     38476
    269954     34327
     92558     80094
    841973     74036
    417206     29155
    336930     81418
     80823     75570
    383235     58107
    727823     17956
     61398     58096
    680698      8221
    584870     83672
    166435     38995
    736852     25156
    613090     63438
    583895     81019
    681113     10821
    776726     57797
    101645     79897
    670732     14366
    518676     43612
    280401     44534
    754582     44156
    709437      9585
    129060     73809
    422590     22373
     62154     60338
    937978      4548
     55866     53191
    758564     42082
    880876     41730
    786661     70312
    739363     25251
    503306     26003
    273289     32257
    554611     73846
    271932     35867
    299836     64057
    982031     32918
    337388     77144
    785386     71142
    669836     10624
    348274     83752
    813553     81881
    939957      4311
    820531     84049
    604044     76635
    925068      3673
    739637     22644
    975277     24466
    994491     42568
    795100     77188
     80915     72546
    337356     80852
    557147     76435
    586401     79572
     98497     79504
    129424     68593
    986439     35134
    661521     20214
    794336     75151
    784413     70639
     61719     63099
     71427     68436
    348031     78541
    578440     80924
    539713     59707
    557071     76201
    777952     62348
    366887     71306
    491993     15039
     61741     60336
    424222     19598
    826636     79892
    644932     39846
    575118     82213
    986151     36042
    812836     83247
    368384     72381
    835296     79685
    425162     23952
    757101     43261
    129302     72389
    825923     83594
    185981     23188
    241178     13356
    777207     63198
    169037     36727
    767217     50911
    996341     43368
    527462     54737
    757329     44168
    806369     77905
    577555     81185
    461035      5806
    311114     70488
    493862     17346
    211529      6689
    707163      6842
    775736     62424
    917187     11004
    880685     38973
    472546      6144
    497398     27141
    443961      6958
    596268     78343
    211766      5245
    735827     23726
    518470     45145
    108942     78801
    367009     74965
    130864     73624
    350994     82216
    604968     71554
    977133     26253
    110860     81328
    833027     78036
    672839     15496
    815750     80695
    416050     27763
    242573     12577
    138370     65974
    910664     13915
    321295     76469
    499951     25257
    613567     63318
    369232     73415
    663172     22112
    955379     11692
    470032      8628
    156757     46325
    337272     83976
    851452     65786
    394329     47358
    758015     42606
    190576     15004
    663039     21721
    841224     72008
    659500     23499
    626887     56116
    140536     62601
    405325     37024
    547941     70172
    927433      5756
    395995     48687
    169543     37012
    498468     25142
    871340     50846
    766606     53523
     93467     80292
    376675     66823
    510726     35798
    919804     10288
    116207     80640
    976483     26051
    385794     55736
    925407      5436
    441331     11279
    814197     80637
    889209     29820
    111296     81659
    859725     59556
    415659     29937
     62872     60510
    292581     52733
    320068     73649
    101019     82047
    747321     32705
    338718     79384
    845839     73654
    350479     80297
    404792     39180
    404246     38659
    947095      8902
    649602     27789
    146888     57311
    320614     75327
    443810      9345
    803777     80114
    225834      7603
    396849     48910
    339133     83454
    716874     11992
    183886     24263
    870950     49048
    919680      6876
    510379     34121
    521545     45025
    728676     19494
    765326     53862
    689790      4297
    137395     62673
    368675     74582
    822332     80573
     86915     79095
    613141     65699
    815068     80146
    948054      5771
    556760     76615
    958137     12689
    101217     79585
    882050     39794
    781449     61280
    338483     81362
    766535     56142
    587178     79731
    605662     70863
    431708     14511
    301215     62858
    254405     17547
    595147     76220
    110699     79670
    259491     27990
    263584     25149
    422512     20504
    595132     76371
    711514      8228
    692135      3951
    755421     41804
    487174     19714
    764089     53258
    652320     31303
    186557     19120
    967424     16571
    583385     80427
    365043     71858
     53472     50974
    860870     56827
     50871     55024
    471766      9042
    121323     79380
    746444     36662
    269129     35425
    291435     52483
    755575     41018
    655606     28811
    520251     43994
    603738     71498
    946012      4743
    842626     73063
    269449     32630
    357302     74852
    845358     72581
    919939      8980
    860220     59958
    164721     40646
    586861     82846
    346716     80565
    651052     28148
    309450     66558
    978011     27008
    973270     26512
    745642     35424
    597673     80942
    224298      4203
    700107      7177
    194663     13397
    594306     77078
    567907     79854
    424249     22705
    160166     49725
    460864      6266
    987122     34941
    262195     25543
    635290     48278
    577232     80640
    634501     48338
    891660     28492
    272220     35871
    967502     16557
    499805     27576
    975829     25482
    825775     80324
    137340     67743
    753749     40819
    243496      9568
    319451     77904
    804346     81371
    540351     60861
     79277     73742
    454850      6051
    946830      5536
    299369     61352
    348563     80223
    689366      6346
    309139     71488
    694089      6497
    520790     42034
    911354     14578
     90881     78741
    346144     83528
    167774     41297
    899318     23541
    985462     34237
    938704      3816
    112068     80786
     70370     71503
    482282     11688
    500148     25221
    955970     11997
    554862     77394
    405570     38884
    290678     54313
    749381     34453
    165824     39468
    746991     35030
    711517      6115
    795426     75959
    255567     17948
    812890     78593
     98544     80751
     54480     53173
    663363     23557
    710485      6567
    595649     78617
    738399     23049
    177458     29501
    996614     48405
    158686     48452
    213895      8610
    645354     38959
    531456     50519
    975340     24553
    280860     44135
     90884     80485
    805249     77525
    730603     16566
    643821     38366
    718332      9418
    291026     53890
    853859     66615
    128130     73704
    433127     14291
    718808      9333
    260205     25879
    577700     80664
    576235     82623
     81850     73808
    348053     81934
    833415     76696
    441105     10254
    648836     29808
    464200      5515
    158348     50814
    660614     20005
    711142      8357
    260749     25460
    514203     35916
    159703     47420
    546540     67927
    681132      7450
    649855     29668
    213988      4117
    736867     24783
    348604     83627
    509235     35364
    452518      7661
    983727     34563
    367343     72415
    909329     15110
    463563      5056
    871279     50516
     51500     52632
    766992     52541
    929112      5562
    386035     55947
    214060      5737
    443046      7042
    443853      9264
    662344     22544
    140854     65969
    109475     79202
    824175     82065
    663717     21856
    928149      5193
    661327     23292
    778044     59590
    214097      8776
    575813     81088
    186414     23328
    188430     20354
    880432     38203
    870903     48635
    156140     48384
    166710     41971
    214136      7464
    214137      8245
    871561     49427
    214151      5607
    949157      6725
    891190     30031
    291535     53255
    788133     68365
    149205     55396
    841723     72913
    243588     12259
    140785     63871
    396281     47435
    959417      9335
    964648     17867
    832579     78202
    643897     41267
    803246     80358
    461261      4281
     83114     77438
    214200      8117
    995585     44861
    786851     66830
    861607     57667
    100484     81485
    785545     70684
    423564     22563
    312359     68982
    482163      8784
    298580     60685
    470959      4951
    919677      7978
    662112     20621
    954968     11990
    948227     11046
    166273     36354
    766687     54621
    575643     79914
    326644     79683
    463956      9450
    286977     52058
    945778      6881
    415023     31560
    214309      6051
    417525     28400
    650468     28759
    767113     54143
    376518     64634
    507427     35521
    146494     56709
    375779     66079
     82979     74087
    319036     77232
    917017     11199
    170080     39441
    490214     16826
    747129     33022
    412228     28484
     53440     52320
    403580     37526
    262844     24749
    507962     33860
    387159     54403
    406788     37252
    889349     27087
    288933     54510
    891913     28511
    350109     82026
    936654      4711
    156202     49383
    652481     29949
    328845     77823
    966981     17037
    149302     57993
    681665      7140
    431493     12642
    700500      7960
     52499     51213
    566491     81077
     97053     82281
    251772     18334
    100749     81518
    355979     77011
    177348     29076
    329726     79186
    223617      5755
    689302      3739
    166132     39178
    305828     69227
    175084     25883
    850868     65053
    427468     22053
    569027     78694
    117434     76782
    288997     55217
    762162     54114
    842909     73781
     82273     74807
    955195     13426
    224342      6380
    887897     29743
    147530     60876
    765580     51904
    510533     34735
    652623     29888
    368369     74092
    976748     23828
    764906     53316
    624069     58327
    518754     41226
    614056     65481
    604677     73272
    127983     72387
    832152     76949
    159303     50088
    663405     20060
    995442     44766
    967230     20737
    284072     43949
    260494     27466
    956083     10674
    507047     35174
    813066     80407
    785666     69620
    403850     38157
    471140      9051
    413954     31384
    139564     66298
    884012     38981
    214628      2562
    768555     54608
    586267     81768
    337672     81293
    225160      4546
    624671     56886
    920334      9030
    920292      9828
    834467     79194
    839211     72955
    158650     48503
    471844      7301
    129540     72341
    652388     29278
    579905     81282
    948763      8943
    307071     71073
    564229     82193
    642574     41123
    281034     44087
    957941     13349
    578063     79927
    899951     22095
    586634     79338
    139853     66632
    777277     61877
    538850     61579
    642502     38419
    879465     39194
    536520     63197
    338829     82706
    460674      5229
    366171     74822
    118519     77339
    709412      8280
    137120     65858
    909874     13388
     91268     76884
    861294     54807
    487274     17525
    778507     59546
    965973     19122
    706406      6148
    653292     29744
    432533     11141
    493211     17851
    480189     13245
    262952     26519
    566299     79397
    757728     45075
    558498     72964
    660316     23252
    461911      4372
    410531     31668
    291150     51749
    785806     70386
    271890     35447
    509349     33774
    145300     55929
    783388     69607
    166388     41092
    540508     60654
    329556     79668
    233951      9537
    622914     56396
    258586     26857
    604955     74402
    244037     11290
    435277     12711
    907223     15068
    358184     76188
    832056     80504
    843393     71555
    568945     79696
    689633      7905
    823208     79299
    499808     25431
    417176     28819
    984342     34466
    250859     15165
    991372     45502
    176831     28857
    967386     17024
    995170     42613
    659897     21343
    557158     76141
    214922      6434
    214925      7203
    508629     35439
    214935      3588
    463063      4776
    559605     76059
    252117     17926
    964334     18030
    538924     61679
    635523     48699
    263253     22870
    614331     64056
    166292     38917
    950306      7836
    462052      5196
    670305     12659
    717635     12493
    615582     67182
    498156     24690
    672744     15021
    516677     42339
    109712     81380
    328550     80110
    622540     60081
    415858     27951
    701159      5026
     52232     52912
    697465      6286
    870326     47962
    567473     82842
    339994     80720
    348081     83058
    804738     81464
    348184     81805
    549598     71000
    377045     67096
    987781     33056
    747550     34808
    815730     81821
    112926     81583
    510838     33502
     90758     78432
    509830     35875
    281930     45997
    234062      6549
    455096      6516
     91580     78092
    634175     49581
    709558      8175
    519647     45725
    597514     79527
    298180     60929
    424344     22420
     91627     78364
    291630     50486
    308399     69126
    680943      7078
    584696     84880
    322208     76171
    642990     38800
     92428     80630
    490484     17085
    983630     35506
    730526     20609
    547443     71598
    233140      7500
    367305     71545
    243137      9276
    947714      7440
    449084      4776
    740011     28468
    278862     44397
    680718      9560
    890888     28398
    567324     79072
    442870      9999
    168272     41289
    617322     68156
    912496     11078
    643069     40604
    148582     57344
    813699     83655
    280419     48177
    747384     34161
    379634     64969
    870124     49628
    556050     75434
    357340     78560
    272083     35188
    293481     53082
    676696     11963
    224286      5026
    480430     12223
    215303      5955
    680425      9797
    927800      5304
    366105     72981
    748075     32748
    622983     57039
    634814     47261
    508759     35009
    614685     62312
    862307     60742
    253734     17318
    982541     37041
    909826     14531
    242135     12110
    455612      7755
    702114      5158
    815143     80236
    117438     78060
    757167     42682
    644513     39086
     91174     80458
     73399     70120
    825341     78626
    872274     50844
    785761     66136
    272177     34748
    155412     48573
    253372     18208
    928679      4844
    472806      5487
    215448      6373
    861485     56631
    127012     73117
    671996     13052
     65096     61253
    638675     38612
    662189     19989
    309357     69367
    234400      7808
    263779     24188
    863237     61233
    651817     29118
    319037     76518
    936381      6144
    603075     73771
    747573     36638
    282838     43384
    845668     70578
    120720     78468
    309266     70248
    871134     47716
    605887     71509
    680319      8374
    302252     63666
    176669     33011
    413653     28865
    720945      9102
    671979     14033
    766214     52935
     79744     74339
    111463     79501
    557656     74258
    662650     20576
     90426     80052
    834138     77411
    690592      5052
    241258     12976
    909338     14124
    242805      9074
    129280     72725
    328874     78153
    347909     82411
    578358     79258
    813714     80785
    471797      5354
    708594      8569
    587926     78199
    862294     54059
    758842     43549
    737891     22896
    882743     37201
    519291     43491
    300715     58257
    786352     71283
    652133     26806
    566265     80312
     71954     71817
    805557     79295
    744959     33095
    739263     24604
    128814     73645
     88703     78794
    366301     73735
    537920     61213
    215708      5683
    519652     42719
    329534     79980
    652150     29826
    555905     76755
    890171     30036
    167804     40273
    642944     39617
    662933     23039
    747530     34083
    691389      5385
    500724     25750
    538670     59832
    986801     33753
    224957      7564
    337508     83115
    519715     42563
    680637     10380
    583872     82004
    262051     26734
    519358     42032
    102356     80650
    336800     79489
    919820      8998
    443855      7713
    767546     51648
    244453     12868
    812654     78495
    139224     66051
    160676     49006
    679589      9691
    108117     80416
    483163      8628
    394474     48983
    792819     74276
    765570     52423
    661956     22792
    633260     49933
    313704     70435
    175485     27249
    386484     57072
    520365     46145
    442132      7658
    150954     57098
    150141     60530
    453938      6143
    794179     79574
    605448     75311
    701903      6340
    841047     74462
    102225     82795
    652673     31208
    633226     47706
    953097      8297
    737618     25182
    318853     74271
    955553     13951
    615820     63402
    128548     72319
    995889     44941
    328597     79561
    568072     79489
    796028     75513
    992431     43038
    510024     32245
    500030     26103
    557022     78777
    746082     34016
    927056      8772
    327755     79258
    216011      6093
    425117     24506
    224571      4982
    672087     12948
    168261     39816
    550162     69146
    395270     45430
    263146     26150
    869769     48549
    994608     44555
    500983     25517
    412971     27819
    366333     72147
    499357     23687
    260650     26353
    510673     34485
    690077      6753
    756197     43700
    928170      5997
    880493     39369
    575442     81265
    216108      7286
    975339     26625
    357695     81200
    118379     77636
    329628     79464
    897721     22896
    811185     81549
    135522     64316
    632885     48895
     73319     68720
    871414     47447
    369078     72406
    745689     32916
    481021     13013
    845595     72837
    479713     10880
    359010     76772
    776106     61006
    739173     25325
    937267      4894
    188529     21871
     99620     84806
    216245      4846
    968073     17732
     99488     79376
    569739     77227
    585276     83984
    890280     29028
    431046     17146
    672250     12480
    492383     18534
     71741     65659
    386229     57471
    918331      9702
    537778     63237
    918787     11088
    786723     68983
    975078     25449
    899171     22741
    423530     18299
    528219     54128
    396486     49970
    777619     64371
    281346     43812
    659590     22223
     62919     61364
    272899     31053
    813439     82025
    755838     45158
    281936     44474
    690635      8955
    216403      6886
    168322     36663
    127409     72881
    178665     27461
    264166     26320
    821298     80020
    167586     39739
    463966      5701
    577682     82642
    233740      8060
    556049     76892
    272110     34382
    576913     79264
    623568     57037
    114785     78208
    642981     37237
     54133     53611
    451257      6376
    500493     23805
    889673     29897
    832121     77479
    185155     20900
    908201     13330
    161334     48572
    328941     77606
    357471     78228
    557410     77409
    445307      9245
    401839     37688
    216612      5315
    653645     29535
    462363      5588
    365886     73576
    509896     33629
    178383     29593
    547918     67353
    918099     12426
    185070     24920
    159000     49656
    355920     78058
    459913      4938
    412728     28992
    120640     80176
    349382     82814
    860064     58250
    396222     47710
    274965     36154
    110417     81912
    340600     79869
    186319     21492
    890723     30300
    726213     16614
    730047     19029
    697088      6587
    166954     38285
    100728     77819
    853699     65802
    804091     80681
    719127     11796
    751179     35828
    413087     29970
    216885      5262
    852496     64558
    216931      7405
    216955      6763
    814236     80710
    662118     19783
    547443     69281
    478950      8944
    176871     29852
    337276     78528
    994857     41814
     70326     71115
    831606     78098
    575237     85110
    670353     13462
    518849     44682
    331204     77097
    662787     20036
    621171     56929
    452882      5361
    995645     43266
     82853     78485
    138957     66272
    556495     76790
    749752     32343
    919001      5542
    530692     54232
    535957     59195
    821726     80989
    217237      6300
    288970     53615
    604580     73152
    351177     82692
    462494      4639
    329815     80749
    413424     27876
    937096      5644
    974205     26658
    699055      6154
    709865      8896
     50158     53766
    947475      4991
    217411      5484
    823020     79819
    367993     72441
    310841     71701
    243953      8914
    769424     51613
    358377     76056
    519358     44605
    348351     80370
    501183     26047
    165440     35621
    698998      5997
    282163     44581
    981724     32011
    606035     71083
    454969      7773
    678582      8531
    217672      5131
    222224      7393
    624169     56842
    281579     41588
    589425     81332
    660409     18947
    823288     79787
    615500     63980
    500828     25885
     55434     53098
    888837     28078
    354263     76172
    615779     62297
    254066     15898
    919288     12475
    845478     71808
    395894     45132
    873540     51405
    118939     78749
    346573     79951
    699114      6157
    851754     67858
    738988     24761
    711548      8565
    872038     49066
    491482     16388
    236200      8018
    822862     79013
    108793     80618
    433276     16565
    148146     59440
    984285     35140
    168056     38408
    253019     19053
    947359      8834
    490332     17296
    804661     77686
    948994      9243
    273914     34168
    816341     79203
     52078     52972
    918286     10149
    489676     16353
    108852     80466
    632922     47729
    748543     32072
    692819      7757
    111257     80032
    747204     33372
    796354     75057
    558003     74928
    441466     10070
    832620     80646
    671378     14296
    221267      5194
