    260734     25101
    748959     33692
    537126     62612
    816009     81301
    706291      4307
     99986     84897
    178016     29778
    880207     37989
    871783     47298
    640674     41022
    194721     14676
    861538     58616
    888972     30724
    331395     78651
    139729     68490
     64838     61651
     50563     54445
     59713     61255
    862133     57708
    138681     63692
    489428     16386
    158312     48015
    901536     21502
     59801     63234
     51433     53650
    129207     73923
    852082     66741
    193065     12903
    634380     46197
    908870     14906
    111261     79960
    122988     74642
    110873     81489
    290620     52810
    699465      4667
    484994     11935
    689045      8492
    966139     17715
     60097     65061
    596871     81352
    575417     82587
    414444     29539
    673337     14550
    720162     13200
    171005     39389
    194469     14366
    367771     73080
    166803     38883
    415354     29186
    773569     59144
    927086      8548
    784867     71126
    853577     67017
    755890     41675
    195054     13222
    422517     21128
     98735     81662
    360251     77888
    805938     80942
    653692     30583
    624887     55263
    300558     62852
    469496      7835
    732084     17371
    613284     67012
    482187     11445
    148051     57778
    405187     40561
    596129     79849
    757545     40809
    956055     10755
    140249     65120
    234392      5069
    603758     74671
     92156     81313
    826072     78591
    416011     28269
    195163     11973
    465568      5904
    339983     81223
    299330     63776
    405937     38604
    345746     81204
    899531     20090
    700238      6224
    898090     21097
    430821     14507
    616812     66335
    292419     54010
    547513     71118
    510863     35854
    958105     11243
    652627     28161
    632690     46446
    159342     46386
    644045     37710
    499989     25129
    136657     65245
    249230     16748
    186534     22356
    529079     53803
    910968     13200
    840503     71892
     69572     67595
    755001     42017
    453849      6470
    195258     11855
    529240     51349
    422532     20632
    394978     50076
    236009      9510
    415655     27732
    612192     64203
    700133      7134
    955286     12836
    983854     33970
    660132     21519
    889453     27714
    713234      8218
    862073     56499
     93509     80826
     52793     54384
    625750     58377
    462700      7627
     80968     75515
    146022     57901
    641933     39163
    302381     59976
    434485     13754
    611978     67036
    357060     78499
    287337     53098
    301568     59643
    964157     16210
    451014      5638
    546066     68900
    604976     71060
    303221     62460
    147612     56624
    661291     21235
    451687      8116
    651745     28745
    108582     81280
    159024     48713
    727379     20184
    435359     15224
    595315     78524
    967311     19460
    776154     61778
    614288     67703
    491016     19352
    692006      6803
    414970     26388
    754551     44293
    302015     59522
    626544     57083
    292586     53693
    195495     15993
    823431     80512
    860907     58336
    774534     63350
    955873     12137
    967647     16995
    375615     64818
    642203     39516
    690602      3255
    880722     39874
    234055      7229
     50147     49657
    950510      8785
    253491     18824
    832039     76573
    868835     48512
    369617     72700
    414819     28185
    936243      7335
    984508     34326
    765628     52507
     83226     77804
    841587     71690
    880463     40146
    841388     72909
    577444     84548
    564370     83366
    167253     40823
    748064     34691
    318640     76829
    242150     14268
    908139     15709
    279220     42268
    766719     52366
    326276     80509
    376171     68905
    339100     79940
    453578      6627
    709289      6605
    187002     21534
    930182      7872
    974735     24421
    471424      9115
    195648     12956
    336284     83165
    481772     11978
    195651     13410
    338482     82984
    312456     71910
    328347     78237
    640698     41411
    691905      7051
    556983     75693
    319311     77991
    482816     12729
    246619     10376
    166870     38433
    158128     48784
    359313     80115
    195686     16072
    851319     63257
    575539     81830
    738018     24746
    631222     45947
    841994     73360
    809569     80517
    738132     26556
    765914     56197
    281025     44902
    625319     58718
    186337     20964
    670418     14871
    339612     80468
    244140      9859
    407031     38958
    850432     64719
    627087     57308
    544909     69618
    937203      5981
    195752     12612
    260776     26688
    148713     59961
    679307      9621
     52670     54339
    728251     16302
    585985     80700
    138265     67796
    877035     39874
    672619     13250
     48904     50098
    973436     24654
    357234     77908
    508424     32767
    481779     10563
    375920     68199
    842485     72437
    245649     12907
    720096     12463
    757427     42029
     90586     82779
    747967     34397
     99162     80704
    118616     77021
    760362     45778
    386084     55495
    347547     77540
    565858     77005
    195840     16195
    483617     12236
    669902     13156
    660149     21254
    242960     10099
     92036     78221
    237205      5794
    963627     17274
    920278     10001
    871443     46809
    794493     74598
    526622     55190
    195871     13971
    424364     18670
     81492     75060
    610027     61296
    178170     27292
    606596     70730
    386069     57985
    480529     10508
    311264     68501
    346150     81022
    625097     57756
    300392     63796
    412535     29449
    431336     13607
    178286     30293
    652241     29603
    870657     45622
    851307     67548
    498685     24820
    414637     30490
    965256     17192
    802336     80000
    735308     27649
    991733     35279
    310555     66042
    196004     14859
    574802     80306
    956735     12259
    386580     58797
    548329     72070
    119074     76856
    196031     12832
    119078     77257
    825375     80426
    242035      9485
    736631     25051
    395785     46960
    753481     44061
    519028     43084
    196066     14900
    433277     12187
    255874     17065
    309366     68842
    626647     54982
    690435      6175
    611904     65313
    453963      7703
    432657     15290
    955443     11189
    434899     14979
    921114     10127
    814527     82639
    356932     75267
    558356     74297
    404900     42003
    413494     31286
    559766     74215
    121247     78139
    529465     51288
    805210     80966
    966108     14985
    643346     39313
    956224     12726
    453753      4065
    596457     77825
    545888     67576
    673265     14095
    938121      6279
    955904     10829
    803906     80992
    843983     74787
    881299     37308
    612309     66703
    376576     66213
    584255     78777
    450363      4461
    433943     14408
    624592     56428
    904439     21903
    738026     23227
    123243     79612
    946360      6954
    269778     32283
    110043     79894
     65002     60983
    412880     29786
    291420     52442
    824079     80497
    317732     76679
    462962      3974
    585429     81126
    128026     72413
     63598     59217
    672990     15060
    935995      6163
    690097     10084
    651205     28446
    596558     77360
    681012      7602
    766670     52945
    605047     72055
    271161     33634
    755969     44092
    509335     31944
     63921     63107
     73606     68512
    253656     19327
    415808     29076
    500692     25842
    911084     14202
    795833     76312
     65269     61067
    785872     69339
     71514     67108
    700617      4750
    397439     49711
    975631     26714
    997674     44235
    308037     70618
    671356     15312
    663554     21270
    319101     72950
    234456      6387
     63863     61587
    196410     14012
    678472      9112
    670437     15931
     93355     75765
    634991     48720
    827708     83514
    615711     66203
    140390     65072
    986912     32609
    614075     66547
    794866     75493
    527954     54267
    196461     12573
    479560     11895
    460505      5780
    481617     12672
    670235     14521
    540612     60434
    475384      5641
     92154     80162
    708522      7651
    137781     67240
    318613     76599
    567408     82017
    117779     78426
    175331     30571
    935497      4895
    958904     14021
    155005     48607
    348382     79225
    397605     49918
    392069     50014
    319670     74317
     66423     62161
    308621     68869
    281178     47446
    175101     31595
    672498     15045
    880235     38647
    766758     52660
    798140     75235
    642472     41134
    745607     36393
    147461     57857
    119656     78140
    121206     77322
    536744     62394
    881131     39397
    406841     36531
    225346      4000
    338303     83640
    196564     16233
    480220     13022
    144108     57753
    196573     14142
    699472      4076
    112052     82289
    519011     39916
    481438     10058
    765983     54893
    168674     39321
    674011     13258
    927423      4151
    510241     31112
    167701     36245
    165556     40152
    139175     68931
    593965     78717
    671378     14061
    936749      7795
    196648     17136
    527585     53187
    917744     10096
    336128     81252
    966354     20426
    196659     18907
     91359     79583
    128129     71239
    243578      9466
    170861     39797
    777620     59440
    650551     30555
    766831     51721
    606258     74288
    774578     62884
    290464     54118
    975675     25741
    851753     65617
     80841     76356
    699552      3690
    254087     18558
    893763     30139
    881137     38931
    317608     75564
    100695     83022
    272059     36844
    481053     11715
     91430     78312
    787408     68827
    575279     81057
    661970     21909
    175990     28360
    310216     66483
    196811     12033
    669269     12275
    368700     73763
    699628      3497
    493351     18018
    260691     27233
    443991      9662
    586333     80978
    947190      5227
    196892     13342
    937958      6309
    329671     83675
    354530     77014
    359857     79222
    646086     38359
    869655     46648
    678623      9761
    290860     49919
    592819     77708
    631928     48148
    310292     69172
    830604     80771
    841841     73465
    279940     46083
     81020     71681
     99377     79978
     71212     68394
    568611     81644
    860451     56885
    517130     42826
    966839     22732
    843401     72942
     73809     72882
    500613     24161
    405334     36126
    157280     50187
    992948     42670
    230440      8694
    528161     52890
    309853     69520
    691538      6037
    995042     43769
    160742     49763
    176252     30234
    405719     36883
    262275     24829
    806041     80109
    167962     39524
    502216     27497
    973023     24191
    329706     79336
    898009     20701
    595007     77089
    321388     73591
    357991     78310
    613780     66580
    613913     66878
    272483     33660
    566665     77522
    480266     12654
    389022     58945
    945658      7107
    480487     13795
    691134      3917
    559386     76903
    111388     80883
    918046      9973
    231072      7369
    348073     79437
    433385     12497
    197194     15606
    471111     10776
    414012     30329
     51506     52960
    553810     74056
    263372     23353
    805855     79068
    197229     13328
    554782     74150
    918682      7796
    890943     28891
    167978     39140
     73554     69208
    755264     44985
    680824      8316
     81866     77025
    793772     75359
    611446     65047
    823254     80812
    945656      8484
    546644     70221
    774515     63123
    643506     36592
    309359     67460
    177373     29915
    261944     27378
    663664     20861
    527941     53592
    756234     43008
    530097     50863
    900166     21545
    254372     19007
    482107     11451
     82522     75609
    746220     37174
    444314     10155
    130328     73381
    889465     26434
    974473     24710
    672093     14708
    574607     80382
    709664      6091
    672479     13576
    661316     19334
    527790     54255
    377644     67150
    233933      5321
    815205     80205
    710120      9849
    101025     81592
    652236     29713
    111780     83071
    517812     43720
    702308      8307
    226507      5489
    529371     52776
    613650     65872
    709668      7522
    756190     44382
    881203     37143
    860640     57381
    328499     79493
    336831     82126
    691554      5821
    588021     81897
    197687     12995
    349300     79769
     83179     74426
    643435     39642
    947123      7351
    283255     45756
    891198     28833
    939236      6073
    603597     71369
    909471     13746
    936385      6881
    197781     14906
    360677     78574
    309318     72774
    146334     54859
    963954     19470
    987263     35265
    840292     73856
    469360      5720
    822570     81161
    538976     62159
    444255     11727
    812586     81767
    738842     24726
    698700      6128
    545888     69764
    167042     37781
    374765     66822
    252730     19234
    777867     63241
    289304     53305
    585171     81681
    198040     12842
    785781     69225
    431096     12625
    367067     74679
    283280     43719
    168593     39259
    291157     54322
    835764     78385
    430922     16721
     69824     71881
    109273     81968
    651059     28427
    423976     20846
     91390     79527
    834026     78185
    835615     77456
    102177     80207
    957241     11899
     71974     69727
    576626     81668
    606682     74014
    796636     76043
    812091     81512
    226783      7756
    498365     24644
    198304     14773
    690662      7591
    844558     72597
    918247     11840
    128615     69947
    120245     79706
    158336     47156
    899371     18556
    698770      6420
    378270     64386
    499666     24896
    186694     20616
    349419     83004
    871996     46672
    869615     48315
    702216      8457
    529946     50545
    421788     19893
    337144     82603
    720947     11568
    966217     18171
    149398     55244
    624802     59596
    889071     29349
    176175     28254
    843346     69161
    128283     74714
    705808      5976
    399672     48191
    995026     44517
    512200     33377
    282765     41923
    460190      5498
    714464     11664
    422960     20693
    538595     63110
    271336     35618
    984728     33071
    356298     80070
    464384      6586
    118837     77810
    968603     17415
    812980     81704
    697136      6254
    469727      9675
    565824     81254
    186893     22516
    757067     42049
    569430     79315
    414980     30957
    765661     50661
    575271     80124
    482062     12536
    871837     47017
    265234     26217
    678956     11112
    431626     14843
    970199     16495
    320140     76375
     70268     69610
     63949     62570
    166293     39032
    740583     25822
    281698     45108
    710799      5624
    121556     74734
    481832     13174
    605429     70665
    260752     26841
    443446      9707
    642772     38151
    489654     18584
    575154     79860
    158444     48295
    299176     62953
    538605     61573
    187472     22777
    564948     79283
    901029     20693
    621501     53366
    319549     74445
    450817      8353
    490173     16882
    526950     52691
    557364     76115
    763796     54281
    109719     81372
    690123      3076
    557888     77371
    700210      3823
     83478     76759
    890184     27439
    481446     14392
    890244     28335
    881180     38699
    576640     80465
    721448     11529
    889231     29966
    202709     11728
    345023     81644
    149315     57094
    444642     10613
    948066      8814
    529562     54644
    935838      5562
    307908     68599
    880949     37312
     91003     80296
    159523     48252
    461120      5326
    364400     74605
    126561     70438
    395322     48873
    186256     21737
    262661     26215
    120056     78760
    111080     83537
    852577     64216
    558415     73688
    974974     24179
    414485     29493
    935026      4521
    316000     73893
    949842      6768
    187380     20886
    203083      9063
    272189     36674
    870426     48542
    737919     27283
    330360     81375
    645779     38374
     81389     75713
    576086     83940
    530354     53303
    614373     68364
    586417     79363
    431118     13886
     99260     82090
    404862     38277
    506649     32583
    261821     22850
    908096     12599
    796037     79699
    444178      9886
    578410     84074
    583439     80502
    774775     62865
    634570     47755
    482112     11065
    730050     16910
    367912     74413
    721552     13108
    460947      5940
    957876     10805
    841480     74765
    250590     17273
    497987     27510
     73095     69773
    203494     10601
    415594     32742
    672167     13468
    188881     20630
    130819     70644
    557909     76871
    633825     48771
    229872      6624
    900634     20726
     52391     55689
    101151     81922
    890278     29608
    550676     69981
    337516     79703
    393899     46139
    203581     10733
     72856     68705
    530723     52594
    393738     50219
    897971     21438
    670854     13562
    802410     81149
    947784      6024
    233485      7631
    898888     23625
    870606     47197
    720557     10207
    158689     45277
    434024     14375
    994519     42669
    955517     12204
    451392      7943
    320733     76067
    120931     79964
    331815     78542
    441660      9539
    559492     75526
    634109     49813
    850728     63082
    203736      6682
    160297     50483
    203756     11038
    226250      4963
    329698     77256
    613761     66813
    113650     81140
    548428     71758
    880358     36264
    697461      4363
    404742     39104
    699214      6086
    680384      7583
    833206     74741
    129583     74025
    804683     81542
    615422     64645
    174607     30815
    293030     53145
    501336     25900
    813786     81591
    765973     52569
    432768     15726
    871722     47090
    736660     25157
    319324     74606
    957056     13168
    673196     16083
     90083     77674
    946393      6171
    803073     79934
    444997     10422
    806076     78140
    613689     65922
    414888     29810
    843056     76783
    903141     20582
    177745     33029
    586077     82118
    442024      9104
    631379     50041
     70915     70294
     72450     71944
    376931     66477
    537280     60347
    939528      2774
    919241      7446
    974668     23546
    471335      7777
    330288     78023
    168481     36181
    328163     81061
    281044     43714
    519945     44264
     71425     69881
    717312     12563
    663461     20536
    454018      7361
    890816     27111
    623759     56692
    184474     19392
    948342      5022
    755381     45063
    879977     37933
    204172      8188
    452544      8567
    507827     32353
    137466     65489
    806610     84065
    470442      8278
    194113     13080
    956457     13582
    233325      9644
    595553     77877
    915103     12094
    892392     31591
    585178     79478
    508556     33959
    280609     41451
     63286     60913
    908350     13824
    796332     78380
    596634     78072
     90757     79742
    204288      6430
    273250     31368
    149917     56937
    796121     75884
    566305     78370
    265903     25911
    989320     34318
    547978     70513
     73336     70994
     63620     61781
    509154     32240
    177648     31148
    900119     21646
    775910     61934
    635034     48128
    825164     79646
    938265      6047
     81307     78698
    440756     10905
    803700     77261
    280779     44299
    204382      9766
     81756     75910
    585932     79412
    489780     16326
    159710     51210
    994739     41461
    204397     11730
    444473      9241
    413418     32600
    689489      4986
    784955     70145
    463229      7237
    520770     43167
     65412     59757
    490166     18490
    527557     50977
    853175     65700
    908382     15502
    337099     80868
    168213     39037
    897952     19587
    300128     61565
    168115     36222
    803617     77932
    293390     55051
    577134     81833
    708914      6929
    680992      8521
    605213     71918
    884644     39634
    482856      8947
    151295     56631
    852529     68731
    355824     79271
    613369     63536
    204531      8140
    402801     41210
    606062     71178
    405843     37793
    462157      6256
    489057     19867
    567249     77796
    349225     82632
    823300     80213
    500751     24360
    937209      4809
    699882      4237
    843656     71027
    929884      7043
    279830     46174
    301168     64486
    834519     78856
    186405     22016
    309891     70023
    373538     66985
    531496     54010
    188396     21206
    594109     78468
    431042     15766
    948290      4763
    824926     80217
    480011     14595
    187908     19870
    426622     21376
    966994     18560
    204625      8789
    144851     56810
    604352     73032
    575243     81148
    777436     61159
    964642     17685
     90754     76800
    347935     84869
    159080     49756
    422801     21200
    129580     72361
    627016     55597
    413510     28839
    996341     41983
    414719     31679
    997264     43704
    690877      7812
    965906     18642
    368414     74392
    501256     26512
    186566     18555
    634287     48211
    471127      8383
    242305     11706
    632450     48063
    482592     11050
    204756     11047
    634262     51057
    204761     10155
    404139     39434
    527357     50676
    616463     65609
    283083     40726
    328953     77768
    230821      8650
    947534      9450
    527667     54062
    919465      9956
    367908     72495
    643202     38770
    748011     33899
    843044     73409
    403022     41209
    451977      3600
    841796     74306
    908004     14427
     54487     53252
    559273     74428
    630363     48767
     89506     79383
    471436     10586
    851890     70093
    472750      8208
    359070     78465
    662657     20983
    397493     46516
    993945     42680
    842784     72857
    119889     78492
    952649     11183
    757950     44963
    624710     56662
    757348     42617
    204879      8643
    747506     34852
    166312     39652
    130618     72652
    388427     57961
    146800     54077
    966789     15312
    100409     80158
    985998     33454
    245460     12002
    910263     13953
    870460     46583
    310633     68424
     73819     71928
    517114     41502
    324421     79375
    841384     71680
    281673     42692
    612329     67229
    928211      5588
    204990      8984
    455325      6964
    679240      8799
    338447     82082
    204994     11634
    985858     35882
    905184     14869
    987021     36169
    547044     70187
    644227     39350
    158578     47679
    870286     47900
    813464     80848
    270311     34539
    120098     78813
    625672     55586
    879579     37522
    338682     81308
    454949      6456
    993583     42984
    672753     13273
    148072     59766
    969000     15616
    153090     57121
    550582     68058
     53799     54103
    737647     24323
    245776     12694
    396783     48611
    909781     14327
    995637     45930
    902670     23129
    471588      6442
    261180     26365
    739252     22806
    279234     44546
    253525     16801
    302615     64560
    385913     52904
    709169      5453
    796333     76829
    263496     21508
    205122      9440
    786966     69804
    440217      6407
    568888     80320
    281669     45396
    955782     12038
    378809     66147
    937697         0
    158746     46326
     80010     74970
    365986     72151
    591607     78143
    708527      7263
    120707     80124
    205185     12172
    226047      5732
    521535     42542
    233964      6523
    395879     46508
    260275     24613
    538548     62033
    319724     74815
    396526     49170
    384118     58859
    671275     13498
    310011     67769
    602878     72095
    843486     74376
    529253     54456
    205252     11385
    119107     78682
    205269      9557
    261014     30344
    865217     60425
    252380     17700
    890026     29398
    634020     50398
    795028     73155
    919195      8120
    282738     44511
    344687     80855
    889074     32941
    472681      7391
    205303      9793
    671391     17102
    640770     38008
    623442     56602
    976894     24699
    518819     43066
    853040     63785
    710879      8966
    509402     31163
    821940     80987
    413278     28620
    490542     19482
    441266     11516
    594205     76832
    443909      7517
    728910     17878
    529708     54610
    538266     59591
    835815     79175
    205366      5976
    185148     19779
    490653     15171
    872182     49610
    414901     28444
    205392     10055
    556538     77427
    461303      7018
    994308     45849
    756839     42196
    595836     78668
    613426     64488
    309687     68482
    737315     26369
    775138     61337
    945729      4653
    843803     70548
    253013     17669
    578427     80594
    362969     73986
    575854     81925
    996569     41207
    337280     83202
    378018     66544
    245938     11464
    473886      6915
    844327     69523
    661825     25678
    110797     81102
    841534     73378
    432670     15825
    814961     83370
    737318     25567
    842312     76376
    883429     41554
    792893     75702
    833766     77958
     63505     59761
    957187     12705
    823779     81931
    831199     77151
    316295     73022
    413031     29978
    672774     13694
    502208     27308
    427262     22406
    226619      9044
    663056     20829
    337429     81348
    205540      7788
    243868     10335
    864743     56167
    462614      6339
    948615      5680
    729226     18439
    871929     48777
    205578      9387
    556848     75507
    415527     28462
    757291     43016
    508950     34804
    394484     47753
    643806     36955
    350598     82168
    452703      6697
    644781     39228
    918141      7919
    816522     79376
    939686      5675
    529984     50697
    727749     17400
    985436     33930
    492982     18057
    773202     62985
    310819     68961
    261742     24496
    670097     14429
    165991     39429
    595577     78439
    755623     43552
    557444     76661
    939908      5857
    127430     70584
    849598     64264
    803534     77967
    985593     35222
    321137     75999
    757592     42529
    430920     12919
    566538     79501
    641532     36004
     83716     77628
    390111     57274
    794552     75526
    289074     53480
    640821     38377
    692170      5700
    853145     66509
    927185     10583
    566326     82994
    205755      9337
    700622      5197
    176663     30606
    596160     76255
    443762      6983
     98924     81777
    928945      5777
    890058     30856
    186705     22296
    567362     81775
    949074      7131
    442174     10552
    179177     28401
    205799      9374
    548926     70421
    661569     21655
     55363     51614
    537734     61864
     62976     62856
    975232     27856
    452318      6698
    175320     29141
    973529     28195
    523659     42422
    244625     10989
    167770     41994
    679313     10252
    299876     61085
    147866     57269
    638465     38353
    546425     69211
    558203     73533
    873995     48450
    486794     16588
    471251      6579
    631706     49595
    930289      3941
    129989     71865
    348006     82466
    433759     13641
    690527      5534
    406392     38846
    786377     68061
     52383     54095
    368312     71047
    180977     29491
    194896     15497
    727083     16737
    309594     67312
    756578     42149
    689023      6880
    549519     70380
    512883     34049
    670714     14401
    709671      6189
    464770      4785
    661151     21471
    719701     12082
    205992      6664
    997197     44540
    259789     23922
    900947     19659
    364948     74145
    965796     18308
    159053     48452
    633375     47467
    729202     19582
    375944     66156
    928991      5548
    661925     21677
    147555     60672
    675991     14087
    249493     18087
    832180     78053
    377573     66764
    278135     45932
    860435     55678
    727639     19169
    987111     32158
     53781     52804
    206092      8795
    244682     12381
    784628     68601
    768292     52927
    282292     43312
    235425      3045
    986816     36570
    719902     11978
    919690     11183
    165733     40866
    774970     63182
    539352     61059
    235700      9390
    889420     30116
    234990      8097
    415470     27888
    631591     48208
    739898     27341
    994290     44199
    728294     15692
    568999     77427
    261981     26526
    280200     45548
    605316     74559
    158886     48573
    831000     77823
    281891     41276
    879557     40445
    233797     11257
    560381     75826
    123157     74547
    747667     35791
    508514     36576
    424948     23321
    834471     79238
    453285      7860
    743336     33082
    165973     38798
    338373     81959
    754524     42071
    663024     21628
    509875     35306
    800538     81035
    377267     67180
    480947     10756
    970204     18461
    491052     19382
    181264     29195
     84637     78394
    544411     69713
    355292     80578
    519194     41837
    804539     78501
     70345     68527
    118962     78231
    833748     78420
    603769     70327
     80602     76170
    652109     30108
    968312     19773
     56289     53357
    813318     80210
    957850     14062
    692302      7601
     89380     80701
    890823     31179
    243695      9701
    758377     42037
    613890     62618
    796440     77032
    289583     51198
    518174     42650
    279374     45114
    299949     61088
    721245     10183
    691470      6255
    653090     30435
    327191     79779
    555990     77330
    575687     80347
    815497     79477
    321316     77810
    940168      5041
    967578     21293
    489305     15635
    682019      9082
    585310     81139
    633016     48130
    632950     49762
    930149      5733
    955861      9366
    766673     54992
    263522     25049
    688421      9128
    376857     65051
    851529     64478
    909029     13783
    803499     82985
    149346     57942
    851352     66434
    206512     10342
    243106     11065
    957732     11094
    521160     44380
    473110      7855
    386835     57448
    357254     75174
    406737     39031
    290549     52513
    651686     30505
    699723      4822
    292113     51828
    576481     85597
    129184     72171
    147723     57177
    155866     50460
    862550     57224
    291360     52985
     52832     51772
    129470     68187
    460861      5948
    520420     44462
    908799     15646
    481164     10696
    709157      4387
    958202      8414
     71728     68209
    177739     30683
    308096     68526
    871090     48253
    507470     32674
    206670     12099
    812625     81042
    822034     80437
    425540     21516
    739934     23721
    948105      7242
    996987     40954
    811720     83664
    568180     80822
    206712     11003
    966103     19630
    882639     40892
    757779     42564
    263639     25348
     82955     76759
    633202     45626
    633030     46591
    490806     19576
    177552     28266
    661998     22904
    908974     15915
    623571     59316
    693508      7030
    644619     36594
    607733     70422
    973929     24242
    853994     66105
    394024     46908
    470325      9362
    842057     70212
    690369      4108
     83862     75208
    271354     35535
     80599     77806
    356129     79030
    232457      6715
    776223     61120
    929129      3525
    414193     24567
    852881     63195
    406588     38567
    927172      6523
    489888     19007
    538634     61630
    384714     56569
    234664      7200
    623458     57886
    934966      2260
    165803     38852
    479975      9790
    138056     64000
    623922     58056
    681303      6710
    681134     10156
    870950     46457
    510769     36782
    358771     78931
    530195     52116
    823583     81183
    329170     80605
    518320     43295
    958765     12478
    968014     18613
    443419     10323
    166588     40506
    395434     48407
    709794      6774
    424668     19779
    357709     76187
    679592      7650
    252626     16697
    338924     79532
    709076      5787
    881074     40481
    966497     17740
    525389     53856
    595839     76879
     56096     54688
    318352     73630
    273792     33113
    164857     39998
    973364     26473
    728998     17322
    506945     33479
    939272      6184
    494968     19418
    336988     82243
    358627     78107
    377692     66400
    948136     11355
    593579     80325
    602613     70757
    813349     79410
    426178     21203
    405938     39091
    194846     15442
    207288     11673
    242939     14432
     74108     69307
    272160     34031
    185381     19905
    652305     29980
     81949     74283
    289766     51763
    804767     79069
    491281     18056
    804451     79939
    282972     41559
    311756     70355
    601977     71914
    232634      7208
    253928     19202
    568686     80090
    234115      8578
    207543     11762
    588926     80919
    318950     75292
    156196     45702
    928472      5564
    604310     74646
    625262     57316
    931739      5018
    577199     83486
    414971     33227
     75386     69169
    311269     68663
    234863     10241
    817127     82928
    606700     71562
    149576     56816
    310646     69918
    824685     78314
    652729     30793
    311960     71622
    537521     62437
    576558     83451
    679096     11091
    880001     38955
    385610     56429
    375770     66667
    129472     71557
    445326     11920
    786631     71066
    596239     77212
    548455     70078
    208034     10996
    643740     40343
    383031     57740
    945704      7248
    643008     40363
    554318     74657
    412978     32864
    568335     81540
    393415     49575
    853012     63858
    890802     32577
    755933     41377
    632420     50790
    976359     25309
    842354     73435
    917561      9493
    539590     60101
    786449     70083
    537370     64761
    426590     19755
    356383     77185
    918673     14554
    166923     37595
    593877     78210
    595741     77027
    147607     57355
    252952     19101
    803433     80523
    900688     21803
    934590      5692
    621490     54145
    617037     68327
    499539     25686
    765496     53999
    967819     21012
    821344     80974
    884256     37822
    498897     24718
    555078     75367
    674496     14049
    366984     74499
    262306     24127
    650770     31347
    758541     46139
    768681     50868
    167434     36953
    758069     42351
    594505     77623
    272638     33606
    529951     55421
    945807      8388
    518164     44147
    349577     81324
    119591     78744
    736561     26798
    173735     28310
    323141     75455
    821189     79260
    777386     62496
    337147     80841
    968638     17681
    755449     44372
    577274     82402
    994962     45982
    909084     12815
    644075     40104
    190732     21506
    282331     45063
    777936     58643
    520540     41109
    669619     12877
    785839     71449
    669521     15482
    586381     79708
    539201     62935
    164059     39643
    585054     80117
    185644     18439
    916518      8802
    348696     79857
    418912     29552
    146397     55970
    291887     52110
     82944     75924
     60541     62097
    587823     81207
    329407     78322
    804309     78908
    194783     17031
    270467     34044
    862964     56180
    721392     12013
    518274     44778
    299941     62705
    611046     67315
    300748     61799
    870590     47231
    927190      7100
    699204      5140
    706451      7019
    301206     60883
     51564     53558
     60806     63178
    700587      5041
    956575     11687
    747326     36009
    147735     56361
    271272     32498
    861303     58285
    423291     24349
    843110     72327
    870974     47558
    110548     82075
     60854     59818
    807097     80066
    407617     40871
    185538     22362
    680241     12707
    699685      7314
    177277     31824
    824471     79805
    642654     42071
    497689     26256
    272312     36274
    510584     33429
    518015     42999
     72800     68844
    688181      6754
    413761     27608
    513405     35258
     60991     60488
    509336     32441
    842739     74782
    785989     69870
    488376     17212
    842916     71562
    739570     21972
    878545     40088
    653639     31552
    860979     57936
    871929     51845
    831730     78010
    146136     58524
    878298     38460
     61119     61889
    833158     78407
    691448      5230
    356312     75379
    821714     81467
    540486     66460
    404475     37179
    549393     71855
    653623     31080
     61171     63662
     61173     58886
    240624     12172
    252850     16260
    785504     70751
    367941     71693
    282480     42845
    995155     45197
    974325     25793
    441701      9343
    977393     26171
     61232     62031
    918375      9077
    731672     16627
    254102     18180
    444007     10066
    273106     36840
    470999      7157
    614068     66040
    870443     51962
    758656     45798
    385074     54433
     61275     60313
    859483     57707
    842767     73084
    947364     10349
    938713      4347
    280537     43643
    131935     71632
    166219     37165
    300710     60521
    673239     15482
    413839     30763
    519004     46083
    916759      9324
    711386      7981
    396572     49205
    938373      6895
    403622     38476
    269954     34327
     92558     80094
    872809     48400
    417206     29155
    336930     81418
     80823     75570
    383235     58107
    338697     84373
     61398     58096
    680698      8221
    584870     83672
    166435     38995
    736852     25156
    405447     42745
    583895     81019
    584008     83832
    414192     29835
    101645     79897
    670732     14366
    518676     43612
    280401     44534
    754582     44156
    709437      9585
    700790      5412
    422590     22373
    633533     48004
    632316     50208
    663828     19968
    898793     20523
    880876     41730
    786661     70312
    739363     25251
    481367     12294
    273289     32257
    554611     73846
    271932     35867
    299836     64057
    698937      6300
    337388     77144
    785386     71142
    832393     76237
    348274     83752
    607958     73339
    481453     12112
    820531     84049
    403004     40831
    925068      3673
    739637     22644
    975277     24466
    994491     42568
    795100     77188
     80915     72546
    337356     80852
    605676     72139
    801487     81327
     98497     79504
    927331      5100
    986439     35134
    661521     20214
     61707     59937
    784413     70639
     61719     63099
     71427     68436
    783908     72692
     61726     61108
    441452      9499
    557071     76201
    777952     62348
    366887     71306
    491993     15039
     61741     60336
    424222     19598
    826636     79892
    644932     39846
    575118     82213
    986151     36042
    812836     83247
    376782     64913
    835296     79685
    425162     23952
    368308     72228
    805348     77653
    825923     83594
    185981     23188
    241178     13356
    777207     63198
    169037     36727
    767217     50911
    996341     43368
    527462     54737
    757329     44168
    806369     77905
    577555     81185
    461035      5806
    897429     20483
    493862     17346
    211529      6689
    966110     18935
    775736     62424
    917187     11004
    880685     38973
    472546      6144
    497398     27141
    443961      6958
    670928     14447
    211766      5245
    944998     10033
    518470     45145
    108942     78801
    367009     74965
    130864     73624
    254931     15406
    604968     71554
    977133     26253
    299796     61286
    833027     78036
    672839     15496
    815750     80695
    653020     29830
    881497     39326
    138370     65974
    910664     13915
    321295     76469
    233170      5943
    613567     63318
    369232     73415
    663172     22112
    955379     11692
    470032      8628
    156757     46325
    794492     75960
    851452     65786
    310783     68036
    758015     42606
    190576     15004
    663039     21721
    841224     72008
    659500     23499
    626887     56116
    140536     62601
    433156     14916
    547941     70172
    177051     29560
    395995     48687
    668071     15463
    757143     43522
    871340     50846
    311287     69396
     93467     80292
    376675     66823
    804056     78818
    919804     10288
    667140     13733
    976483     26051
    385794     55736
    925407      5436
    441331     11279
    873667     50673
    889209     29820
    747580     33781
    859725     59556
    415659     29937
    899895     20302
    292581     52733
     78429     72820
    101019     82047
    747321     32705
    234864      7035
    845839     73654
    272169     35109
    947865      4378
    404246     38659
    947095      8902
    649602     27789
    681943      9591
    284058     45704
    443810      9345
    803777     80114
    225834      7603
    396849     48910
    339133     83454
    716874     11992
    183886     24263
    870950     49048
    919680      6876
    510379     34121
    310095     70018
    728676     19494
    765326     53862
    689790      4297
    137395     62673
    368675     74582
    822332     80573
     86915     79095
    604752     72638
    880022     40031
    948054      5771
    556760     76615
    157810     47823
    101217     79585
    882050     39794
    781449     61280
    213174      5911
    766535     56142
    587178     79731
    644347     39137
    586575     80361
    301215     62858
    633372     48578
    595147     76220
    366625     73508
    259491     27990
    263584     25149
    422512     20504
    595132     76371
    711514      8228
    692135      3951
    755421     41804
    738878     27962
    821828     81915
    652320     31303
    186557     19120
    967424     16571
    583385     80427
    365043     71858
     53472     50974
    860870     56827
    509229     37132
    471766      9042
    121323     79380
    547372     67172
    291124     54875
    291435     52483
    755575     41018
    655606     28811
     63149     60308
    670695     13849
    309918     71290
    405875     40681
    269449     32630
    357302     74852
    845358     72581
    919939      8980
    860220     59958
    164721     40646
    586861     82846
    680050     10769
    651052     28148
    309450     66558
    978011     27008
    973270     26512
    745642     35424
    597673     80942
    376542     65943
    700107      7177
    194663     13397
    881533     38526
    567907     79854
    424249     22705
    160166     49725
    460864      6266
    557335     75180
    262195     25543
    635290     48278
    577232     80640
    634501     48338
    891660     28492
    272220     35871
    967502     16557
    499805     27576
    975829     25482
    825775     80324
    137340     67743
    425006     20194
    243496      9568
    348235     79395
    726001     20779
    540351     60861
     79277     73742
    454850      6051
    946830      5536
    299369     61352
    348563     80223
    689366      6346
    185614     18217
    694089      6497
    520790     42034
    911354     14578
     90881     78741
    346144     83528
    167774     41297
    899318     23541
    985462     34237
    938704      3816
    112068     80786
     70370     71503
    482282     11688
    500148     25221
    338836     79446
    554862     77394
    405570     38884
    290678     54313
    757039     42382
    147805     58215
    995020     42793
    711517      6115
    795426     75959
    255567     17948
    812890     78593
     98544     80751
     54480     53173
    663363     23557
    710485      6567
    595649     78617
    738399     23049
    567315     78593
    482402     13681
    158686     48452
    213895      8610
    645354     38959
    881176     38164
    975340     24553
    280860     44135
     90884     80485
    557293     74667
    730603     16566
    643821     38366
    718332      9418
    291026     53890
    853859     66615
    128130     73704
    433127     14291
    422571     24069
    260205     25879
    577700     80664
    603325     71237
    254880     19543
    348053     81934
    235280      6740
    794360     75514
    648836     29808
    464200      5515
    158348     50814
    660614     20005
    711142      8357
    260749     25460
    514203     35916
    159703     47420
    546540     67927
    681132      7450
    649855     29668
    213988      4117
    736867     24783
    470433      8542
    509235     35364
    452518      7661
    983727     34563
    367343     72415
    356958     80252
    329297     79776
    871279     50516
     51500     52632
    329648     81469
    929112      5562
    386035     55947
    214060      5737
    443046      7042
    443853      9264
    662344     22544
    140854     65969
    109475     79202
    214086      7306
    663717     21856
    861280     54169
    661327     23292
    778044     59590
    214097      8776
    642225     40777
    186414     23328
    188430     20354
    880432     38203
    870903     48635
    156140     48384
    548394     67919
    214136      7464
    214137      8245
    871561     49427
    214151      5607
    529059     52759
    891190     30031
    701782      5110
    788133     68365
    479961     12507
    757242     44902
    243588     12259
    140785     63871
    527577     54556
    959417      9335
    964648     17867
    832579     78202
    585380     76049
    803246     80358
    461261      4281
     83114     77438
    214200      8117
    995585     44861
    737856     26190
    861607     57667
    768728     52653
    387180     59015
    604667     75062
    442975     10497
    482163      8784
    298580     60685
    776659     60676
    919677      7978
    662112     20621
    954968     11990
    948227     11046
    166273     36354
    565386     83016
    624883     58521
    326644     79683
    463956      9450
    286977     52058
    945778      6881
     97758     81177
    214309      6051
    395521     51372
    650468     28759
    767113     54143
    376518     64634
    775270     64462
    214330      4873
    375779     66079
     82979     74087
    454682      6865
    917017     11199
    170080     39441
    490214     16826
    747129     33022
    412228     28484
    405732     39985
    403580     37526
    262844     24749
    507962     33860
    851594     65498
    406788     37252
    889349     27087
    288933     54510
    891913     28511
    350109     82026
    547200     68602
    156202     49383
    652481     29949
    394273     47437
    966981     17037
    149302     57993
    681665      7140
    431493     12642
    700500      7960
     52499     51213
    757997     40992
     97053     82281
    251772     18334
    100749     81518
    355979     77011
    177348     29076
    329726     79186
    234455      9283
    689302      3739
    241611     10825
    744085     34957
    175084     25883
    850868     65053
    262049     26385
    569027     78694
    117434     76782
    288997     55217
    762162     54114
    842909     73781
     82273     74807
    955195     13426
    118742     75808
    488659     16584
    147530     60876
    765580     51904
    510533     34735
    652623     29888
    368369     74092
    976748     23828
    764906     53316
    624069     58327
    518754     41226
    614056     65481
    604677     73272
    127983     72387
    832152     76949
    159303     50088
    719786     13476
    995442     44766
    557374     76300
    284072     43949
    489422     15904
    956083     10674
    507047     35174
    890031     26998
    785666     69620
    403850     38157
    471140      9051
    413954     31384
    139564     66298
    884012     38981
    214628      2562
    768555     54608
    586267     81768
    337672     81293
    651453     31170
    624671     56886
    920334      9030
    816720     78596
    214643      9893
    835823     75916
    261251     23805
    471844      7301
    129540     72341
    652388     29278
    579905     81282
    948763      8943
    307071     71073
    595248     77609
    642574     41123
    281034     44087
    957941     13349
    578063     79927
    899951     22095
    586634     79338
    139853     66632
    777277     61877
    538850     61579
    642502     38419
    879465     39194
    536520     63197
    338829     82706
    460674      5229
    366171     74822
    118519     77339
    708173      5418
    566399     79191
    274564     35764
     91268     76884
    861294     54807
    487274     17525
    348273     79806
    965973     19122
    706406      6148
    653292     29744
    432533     11141
    493211     17851
    480189     13245
    262952     26519
    566299     79397
    329571     78659
    558498     72964
    660316     23252
    461911      4372
    410531     31668
    821970     80483
    785806     70386
    271890     35447
    178976     30407
    145300     55929
    321942     75098
    166388     41092
    540508     60654
    329556     79668
    233951      9537
    622914     56396
    435829     13245
    604955     74402
    697019      8089
    435277     12711
    907223     15068
    358184     76188
    832056     80504
    214864      4012
    568945     79696
    689633      7905
    823208     79299
    366799     70868
    417176     28819
    984342     34466
    250859     15165
    991372     45502
    176831     28857
    967386     17024
    995170     42613
    189746     19609
    557158     76141
    214922      6434
    214925      7203
    508629     35439
    214935      3588
    463063      4776
    423922     21769
    339769     81573
    806700     81055
    984571     34250
    308498     70536
    263253     22870
    179399     31824
    166292     38917
    950306      7836
    462052      5196
    670305     12659
    717635     12493
    615582     67182
    498156     24690
    672744     15021
    516677     42339
    109712     81380
    944736      9345
    622540     60081
    450415      5281
    701159      5026
    442936      8789
    697465      6286
    382849     56466
    339452     80279
    339994     80720
    348081     83058
    633649     49025
    242169     12230
    167875     37408
    377045     67096
    987781     33056
    747550     34808
    815730     81821
    112926     81583
    651121     27809
     90758     78432
    947186      4514
    281930     45997
    234062      6549
    215117      6522
     91580     78092
    634175     49581
    709558      8175
    519647     45725
    597514     79527
    320019     74602
    424344     22420
    177758     29485
    757407     43544
    308399     69126
    680943      7078
     51775     53259
    322208     76171
    642990     38800
     92428     80630
    490484     17085
    983630     35506
    394737     48652
    547443     71598
    233140      7500
    367305     71545
    243137      9276
    947714      7440
    454611      7429
    964789     17681
    934936      8035
    680718      9560
    451175      5772
    567324     79072
    442870      9999
    168272     41289
    617322     68156
    912496     11078
    643069     40604
    148582     57344
    813699     83655
    427678     22576
    747384     34161
    379634     64969
    870124     49628
    556050     75434
    824179     82082
    272083     35188
    986700     31997
    676696     11963
    606776     70332
    480430     12223
    215303      5955
    501949     25754
    653439     29469
    793312     72472
    117672     77183
    339818     81946
    634814     47261
    508759     35009
    614685     62312
    825366     81530
    253734     17318
    982541     37041
    909826     14531
    785650     70312
    890024     26874
    556519     73368
    509196     37296
    117438     78060
    757167     42682
    644513     39086
     91174     80458
     73399     70120
    825341     78626
    872274     50844
    785761     66136
    272177     34748
    155412     48573
    253372     18208
    955623      9752
    472806      5487
    215448      6373
    268714     33140
    127012     73117
    671996     13052
     65096     61253
    638675     38612
    662189     19989
    309357     69367
    234400      7808
    263779     24188
    863237     61233
    406398     38573
    319037     76518
    936381      6144
    603075     73771
    747573     36638
    282838     43384
    434585     12807
    120720     78468
    309266     70248
    871134     47716
    605887     71509
    680319      8374
    302252     63666
    176669     33011
    413653     28865
    720945      9102
    671979     14033
    766214     52935
     79744     74339
    111463     79501
    729452     18869
    345790     82339
    385623     54837
    834138     77411
    690592      5052
    927030      8208
    909338     14124
    788359     70931
    129280     72725
    328874     78153
    347909     82411
    578358     79258
    813714     80785
    471797      5354
    708594      8569
    587926     78199
    862294     54059
    758842     43549
    737891     22896
    882743     37201
    519291     43491
    547651     70426
    786352     71283
    652133     26806
    566265     80312
     71954     71817
    805557     79295
    565302     80825
    739263     24604
    128814     73645
     88703     78794
    366301     73735
    537920     61213
    215708      5683
    766334     56193
    329534     79980
    282775     44198
    555905     76755
    890171     30036
    167804     40273
    642944     39617
    291280     53068
    747530     34083
    691389      5385
    500724     25750
    538670     59832
    986801     33753
    385135     57105
    898144     22920
    329823     78778
    680637     10380
    583872     82004
    262051     26734
    519358     42032
    102356     80650
    336800     79489
    984880     33197
    443855      7713
    767546     51648
    244453     12868
    812654     78495
    139224     66051
    160676     49006
    679589      9691
    108117     80416
    483163      8628
    887938     28726
    792819     74276
    765570     52423
    661956     22792
    766492     52434
    313704     70435
    175485     27249
    630410     48236
    794051     76329
    442132      7658
    150954     57098
    150141     60530
    453938      6143
    158227     49138
    605448     75311
    701903      6340
    841047     74462
    102225     82795
    652673     31208
    633226     47706
    535974     62356
    737618     25182
    692195      3543
    955553     13951
    826285     84877
    767225     50616
    995889     44941
    328597     79561
    568072     79489
    796028     75513
    992431     43038
    510024     32245
    603756     70626
    557022     78777
    832145     75210
    606110     74502
    327755     79258
    216011      6093
    402621     39628
    453417      6364
    672087     12948
    168261     39816
    550162     69146
    395270     45430
    547632     69508
    869769     48549
    994608     44555
    500983     25517
    412971     27819
    841858     75306
    378140     67658
    260650     26353
    510673     34485
    441518      7396
    756197     43700
    928170      5997
    633981     50210
    671465     12172
    216108      7286
    975339     26625
    463030      5899
    118379     77636
    329628     79464
    112776     79888
    347225     82016
    135522     64316
    632885     48895
     73319     68720
    871414     47447
    422418     19859
    745689     32916
    900484     22051
    945949      7346
    479713     10880
    359010     76772
    776106     61006
    565055     82631
    937267      4894
    479615     14781
     99620     84806
    216245      4846
    728738     18375
     99488     79376
    813014     82848
    585276     83984
    642357     40516
    431046     17146
    413819     26982
    492383     18534
     71741     65659
    280527     41123
    918331      9702
    537778     63237
    927409      7133
    786723     68983
    975078     25449
    899171     22741
    423530     18299
    528219     54128
    891322     28524
    777619     64371
    281346     43812
    659590     22223
    216335      4864
    291001     53205
    813439     82025
    755838     45158
    921380      9189
    690635      8955
    216403      6886
    168322     36663
    127409     72881
    178665     27461
    264166     26320
    821298     80020
    167586     39739
    463966      5701
    577682     82642
    642287     38087
    556049     76892
    272110     34382
    576913     79264
    623568     57037
    235008      7096
    642981     37237
     54133     53611
    967594     19924
    500493     23805
    889673     29897
    140614     66751
    185155     20900
    300000     64596
    891581     30740
    822460     82308
    357471     78228
    557410     77409
    445307      9245
    401839     37688
    216612      5315
    813573     83364
    405159     39749
    365886     73576
    509896     33629
    178383     29593
    547918     67353
    918099     12426
    185070     24920
    159000     49656
    863599     60452
    459913      4938
    860833     56397
    120640     80176
    155267     47762
    860064     58250
    216774      8989
    274965     36154
    957641     14047
    340600     79869
    176029     31312
    890723     30300
    726213     16614
    730047     19029
    697088      6587
    166954     38285
    100728     77819
    853699     65802
    804091     80681
    719127     11796
    751179     35828
    413087     29970
    216885      5262
    852496     64558
    216931      7405
    216955      6763
    148977     57083
    662118     19783
    547443     69281
    478950      8944
    795963     76341
    337276     78528
    994857     41814
     70326     71115
    831606     78098
    281880     44524
    670353     13462
    518849     44682
    331204     77097
    662787     20036
     80772     73251
    452882      5361
    623920     58489
     75148     69787
    138957     66272
    556495     76790
    749752     32343
    919001      5542
    530692     54232
    535957     59195
    821726     80989
    217237      6300
    288970     53615
     92598     78217
    351177     82692
    462494      4639
    651811     30728
    413424     27876
    937096      5644
    437203     14591
    699055      6154
    709865      8896
     50158     53766
    423456     21788
    217411      5484
    823020     79819
    367993     72441
    310841     71701
    319649     77989
    769424     51613
    803609     82544
    519358     44605
    348351     80370
    501183     26047
    165440     35621
    698998      5997
    282163     44581
    981724     32011
    606035     71083
    338061     81660
    678582      8531
    217672      5131
    452367      6944
    527701     53466
    217721      5538
    589425     81332
    660409     18947
    662979     21276
    615500     63980
    500828     25885
    111953     81865
    888837     28078
    389220     56965
    615779     62297
    254066     15898
    919288     12475
    889083     30138
    967309     19012
    873540     51405
    118939     78749
    480748     12140
    699114      6157
    243477     13745
    738988     24761
    840731     73025
    872038     49066
    193100     14341
    236200      8018
    822862     79013
    108793     80618
    433276     16565
    148146     59440
    984285     35140
    168056     38408
    253019     19053
    947359      8834
    490332     17296
    804661     77686
    948994      9243
    273914     34168
    420074     21091
     52078     52972
    833017     75196
    489676     16353
    108852     80466
    632922     47729
    748543     32072
    692819      7757
    111257     80032
    747204     33372
    796354     75057
    558003     74928
    441466     10070
    832620     80646
    577347     79552
    221267      5194
    775920     59714
    625809     56331
    623185     56797
    366901     73206
    482481     13877
    349020     81504
    156894     49382
    221501      5025
    718808      9333
    236122      8992
    622983     57039
    983085     32487
    129565     74476
     90803     79550
    864036     61048
    680425      9797
    737791     24187
    786851     66830
    794179     79574
    841258     73514
     53425     49212
    871526     49368
    671378     14296
    567473     82842
     98412     81362
    431363     16657
    728929     18605
    355307     75825
    281936     44474
    455096      6516
    753749     40819
    785936     68807
    337577     81074
    814473     78693
    707163      6842
    221961      5530
    911597     15770
    245243     11594
    996161     43482
     50871     55024
    804738     81464
    518004     41999
    109155     80761
    689681      6159
    946911      5155
    890888     28398
    575442     81265
    472046      9456
     55866     53191
    640454     42461
    112608     79988
    936568      7152
    594835     77624
    261705     28711
    594306     77078
    920483     10106
    510240     35654
    921395     11196
    909874     13388
    222224      7393
    583772     79676
    690822      4774
    768186     51879
    442562      9746
    644422     37971
    350709     81576
    309139     71488
    222289      6504
    520365     46145
    814197     80637
    100248     80726
    169401     41930
    683380      7797
    860766     58323
    984167     34967
    897721     22896
    312452     69515
    233076      7300
    644020     37245
    507427     35521
    842094     72475
    480971     13285
    707704      8859
    359578     77664
    596268     78343
    651905     28145
    824175     82065
    911262     15106
    853102     66968
    192578     12982
    469140      8387
    727823     17956
    670619     15268
    746444     36662
    372595     66058
    783388     69607
    395736     49991
    511561     35589
     70960     67460
     91627     78364
    927433      5756
    567334     80739
    984654     34850
     90426     80052
    538924     61679
    149205     55396
    326524     79523
    392570     49123
    584628     80202
    338718     79384
    806902     81492
     74016     69096
    128548     71795
    842776     71233
    756754     44363
    102318     81166
    348184     81805
    756322     42120
    235511      6451
    272899     31053
    936885      4337
    758437     40574
    995645     43266
    890042     29040
    661098     21512
    417525     28400
    138690     65386
    863711     55898
    250028     17257
    622670     57688
    623445     57817
    613090     63438
    831105     81227
    918974     10493
    906430     12505
    245390     12831
    699467      5259
    557656     74258
    843393     71555
    331738     80613
    663405     20060
    480316     12269
    516162     44382
    769556     55401
    749381     34453
    919820      8998
    670734     14575
    404792     39180
    928705      6108
    291535     53255
    360160     80477
    356304     78198
    766606     53523
    968241     19490
    823199     78601
    501594     22248
    655034     29941
    510071     35318
    465242      4436
    309074     68993
    222952      7337
    137120     65858
    328650     81675
    804648     79380
    242805      9074
    366508     73461
    460559      4741
    681113     10821
    146415     60351
    872928     48403
    728174     16937
    186784     19369
    128548     72319
    602904     71838
    911094     13500
     63383     64795
    556763     77942
    721137     10367
    501288     26234
    985084     31797
    890280     29028
    815063     79884
    348604     83627
    635523     48699
    824848     79470
    939957      4311
    746026     35603
    233740      8060
    843930     74497
    615820     63402
    901790     20328
    918947     10347
    223091      7011
    764089     53258
    870326     47962
    756609     43454
    440778      7775
    223106      4415
    651651     28614
    395625     49694
    328941     77606
    442369     11095
    699514      4780
    176604     27138
    488605     18012
    852363     65938
    575237     85110
    681084     12032
    488082     15911
    839211     72955
    631334     50140
    471635      6850
    271136     35651
    406028     39671
    188529     21871
    499357     23687
    484031     11421
    399439     49158
    291029     52006
    614331     64056
    355940     78759
    803803     78267
    691885      6997
    624632     59453
    662933     23039
    338483     81362
    996614     48405
    702114      5158
    672250     12480
    958137     12689
    593467     75184
    841723     72913
    633678     48286
    425117     24506
    470256      8021
    690516      4067
    928149      5193
    355665     75261
    898914     18928
    976354     25255
    479851     11201
    346573     79951
    403348     37653
    896775     22665
     81480     77656
    556655     74528
    824984     81653
    717749     11357
    669011     16009
    669469     12554
    956160     11609
    957500     10600
    454969      7773
    842626     73063
    718542     13987
    575643     79914
    852188     66768
    451257      6376
    167462     38321
    394474     48983
    385542     58027
    146888     57311
    330525     79396
    471576      7168
    482701      9988
    702053      5711
    633812     47918
    776417     64240
    291671     50317
    586401     79572
    717888     10203
    241258     12976
    569739     77227
    120389     79626
    712646      8950
    548868     69768
    423695     23420
    328845     77823
    309914     68024
    345768     80622
    644517     39706
    869199     49926
    679931      8188
    223534      5446
    481134     13257
    907196     14848
    607625     71815
    613645     67436
    549598     71000
    982031     32918
    631106     50929
    669836     10624
    955970     11997
    709965      6319
    166710     41971
    223617      5755
    373933     65102
    947876      7043
    138384     67042
    898722     19775
    785545     70684
    300165     62183
    412728     28992
    584696     84880
    766438     53963
    737928     26765
    583010     81580
    338372     82470
    740063     23672
    522518     42989
    139417     67904
    415858     27951
    558058     76837
    291630     50486
    357695     81200
    329815     80749
    452843      6328
    393752     47126
     55586     54117
    318814     77647
    194920     15745
    670691     14166
    811185     81549
    739941     23810
    718939     14131
    102173     80919
    765287     53042
    987122     34941
    346747     81789
    283164     41817
    263146     26150
    223777      4014
    193934     14687
    253029     18346
    110417     81912
    413727     26692
    861485     56631
    592310     76769
    318975     75118
    177458     29501
    406365     42194
    521545     45025
    716879     11584
    765892     53370
    851754     67858
    711548      8565
    594547     75447
    461780      6272
    613141     65699
    499951     25257
    918589      7438
    395894     45132
     53476     54183
    387159     54403
    690077      6753
    510726     35798
    423564     22563
    557147     76435
    148463     58726
     90420     80706
    879531     40329
    354263     76172
    949157      6725
    355840     77599
    984871     34492
    300715     58257
    118647     77066
    765764     50956
    321650     75646
    546502     71651
    636954     48506
     55037     51204
    100484     81485
    834169     77091
    804847     78564
    252117     17926
    974485     23687
    377113     62378
    805067     78244
     88912     77299
    845595     72837
    312359     68982
    783735     68112
    367330     71243
    937362      5212
    224009      7559
    652150     29826
    701325      4261
    342541     81616
    242371     13098
    264540     27164
    280768     44454
    660450     21823
    836934     78196
     64527     62250
    433758     13940
    470113      6836
    224062      4642
    121420     79456
    147285     58902
    880920     37876
    527678     51140
    727592     19623
    937546      4894
    114785     78208
    652078     30136
    834467     79194
    730526     20609
    186319     21492
    149091     56300
    481545     12910
    517599     42656
    964088     19639
     72186     66820
    461780      5834
    845478     71808
    813066     80407
    531456     50519
    368917     71418
    358244     78430
    358374     79999
    946012      4743
    281288     45161
    900049     19248
    357252     79127
    558964     73747
    120949     78227
    441632      9255
    852394     64570
    861106     56138
    835209     78123
    374742     66699
    140350     66188
    940165      6002
    235227     10413
    776726     57797
    434433     14786
    804346     81371
    786900     69342
    282649     45174
    377977     64356
    738327     23243
    615058     65846
    510838     33502
    158829     48413
    280419     48177
    226634      6281
    529761     51833
     52232     52912
    449084      4776
    871431     49209
    168495     38043
    735827     23726
    346716     80565
    690436      8243
    292448     49852
    129424     68593
    224280      6917
    224282      5469
     71531     70907
    224286      5026
     53440     52320
    592330     79357
    327419     78192
    280810     43424
    118289     79962
    728786     18752
    224298      4203
    681472      8101
    556553     75998
    890689     28940
    576900     81402
    396222     47710
    717856     12419
    520817     46040
    993918     46015
    263726     25108
    879932     36149
    462852      3902
    778507     59546
    939311      7934
    739780     26685
    108672     82374
    339729     83607
    824368     80887
    224342      6380
    424475     22150
    319451     77904
    385673     56247
    444139      8496
    385319     56357
    387997     57234
    357340     78560
    298158     62489
    455612      7755
    358377     76056
    887897     29743
    832121     77479
    699815      6626
    859709     58111
    503306     26003
    254380     16220
    668861     15520
    814830     82321
    232673      9285
    871129     47395
    882491     37350
     84373     74918
    604044     76635
    366333     72147
    947849      9522
    671325     11321
    560971     74475
    129302     72389
    811076     83575
    348031     78541
    186120     19811
    120094     78222
    243856     11604
    251728     18751
    945598      7111
    880493     39369
    318055     75522
    547327     68725
    340410     79054
    396486     49970
    937978      4548
    288260     55188
    578125     79330
    395989     51146
    337272     83976
    168617     40499
    948381      7679
    483707     12069
    481191     10978
    862797     55294
    357940     77090
    269781     33228
    254405     17547
    491482     16388
    367775     73447
    176871     29852
    339419     82957
    861287     58251
    224562      4643
    740363     22638
    291375     55212
    224571      4982
    415829     31102
    662316     18439
    450187      6162
    414614     32458
    386229     57471
    520251     43994
    720999     10621
    669869     15138
    663049     20197
    298180     60929
    224625      8292
    936654      4711
    255709     17264
    110699     79670
    567278     78606
    291724     54098
    255965     15685
    289888     52690
    140727     66173
    774901     62906
    142083     66823
    224684      4419
    757101     43261
    336270     79071
    994116     45519
    146547     54647
    511091     33489
    481021     13013
    635661     46110
    281856     45641
    928447      8528
    319211     75354
    540146     59992
    311114     70488
    854257     67522
    784031     69920
    900228     23155
    231588      7887
    558225     75382
    224792      8133
    100425     81968
    118782     74837
    268766     34978
    328036     80583
    135372     64706
    768289     50427
    111296     81659
    479656     11744
    842704     72631
    427884     20905
    852987     64212
    596839     78903
    243953      8914
    823288     79787
    509349     33774
    834363     78416
    488921     18621
    311968     68684
    224852      6076
    600657     72342
    643897     41267
    784931     70521
    918286     10149
    244037     11290
     53112     49509
    509830     35875
    224885      4885
    873029     47744
    853609     67439
    888710     28445
    224903      4777
    852169     67941
    947475      4991
    431708     14511
    711390      6093
    816341     79203
    679253     10904
     81850     73808
    224938      6236
    224940      8194
    908877     16329
    813553     81881
    595899     74090
    481100     14654
    908201     13330
    224957      7564
    287840     54706
    902252     23587
    500058     28267
    576892     83175
    224978      4483
     84601     80129
    964334     18030
    242573     12577
    596005     76024
    739173     25325
    377196     66638
    777692     62273
    698300      4780
    564229     82193
    492182     14410
    225028     10382
    888055     29726
    623451     55625
    501363     24714
    252800     18948
     82536     79400
    949520      8150
    550437     67943
    909329     15110
    586851     79063
    108255     80662
    293637     50925
    157845     50266
    622388     57599
    814236     80710
    728026     16718
    902785     20990
    993952     42681
    586696     81229
     92176     79439
    254084     15734
    955739     12510
    165824     39468
    441342      8152
    918787     11088
     80181     75337
    546897     69794
    689970      9206
    618735     63218
    814065     81864
    394329     47358
    605662     70863
    415023     31560
    242135     12110
    269371     35815
    986821     36685
    385139     55520
    272615     36256
    398527     47102
    311776     68726
    225160      4546
    576736     80643
     83217     76335
    953097      8297
    130372     73624
    746082     34016
    920292      9828
    805249     77525
    225214      5895
    225214      4652
    119609     76678
    307736     67838
    748286     33035
    605220     73970
    349920     80371
    366323     74911
    736643     23459
    128501     73433
    463208      7557
    567581     78901
    445833      9892
    859537     58576
    593503     77138
    862696     59728
    225292      4483
    350479     80297
    416050     27763
    604690     73528
    575813     81088
     80069     75557
    634531     48404
    509257     33853
    319064     76612
    786336     71754
    319036     77232
    528932     52180
    139192     64620
    118669     78064
    492032     15206
    938069      3212
    672125     14243
    252331     17215
    546807     71025
    110860     81328
    444495      7866
    120873     77333
    967230     20737
    709412      8280
    166132     39178
    369078     72406
    357384     80531
    567398     78498
    244213      9472
    578176     80546
    298174     60245
    862307     60742
    633024     49510
    167818     37844
    405774     37599
    568757     78975
    766116     52837
    355920     78058
    349382     82814
    278862     44397
    470959      4951
    395888     49072
    146453     59010
    499808     25431
    260494     27466
    427468     22053
    253259     17002
    234115      9489
    672335     13958
    982977     35417
    463563      5056
    777420     59445
    824142     79400
    920694      8964
    788745     70121
    766992     52541
    890743     29908
    946326      7590
    786269     70323
    348269     80489
    519652     42719
    111995     79695
    679848      8887
    706692     10034
    528924     57289
    554773     76053
     83778     74854
    186823     20754
    148744     58585
    927056      8772
    311136     71379
     62093     60697
    725752     17258
    662650     20576
    320614     75327
    384747     58925
    489503     19751
    823546     81298
    319531     78534
    480527     12440
    566682     81847
    378414     64843
    766687     54621
    116207     80640
     62154     60338
    186117     23444
    641728     37573
    273193     35287
     62177     61481
    396281     47435
    463827      5719
    740011     28468
    925521      6789
    578440     80924
    348276     79081
     62214     63228
    739315     22163
    254194     18452
    416241     27420
    976127     24434
    452360      5942
    319170     77013
    519641     45039
    539572     62015
    320068     73649
    500653     23977
    403179     40301
    481032     12726
    928679      4844
    498468     25142
    129117     73460
    498709     25288
    899129     20796
    596265     78979
    291150     51749
    616369     65082
    768436     55357
    968073     17732
    377205     63752
    874799     47266
    621171     56929
    824518     79900
    330717     80398
    161334     48572
    966906     18485
    528104     53225
    671830     14644
    690393      6631
    744959     33095
    633260     49933
    487174     19714
    305828     69227
    462363      5588
    471679      6188
    672562     13757
    337508     83115
     62382     60926
    872996     49281
    814397     80366
    617433     65824
    642921     40476
    461758      5948
    758564     42082
    515436     42316
    240568     12247
    357321     78093
    328693     78373
    159020     46882
    974728     24162
    659897     21343
    491539     19652
    699798      6503
    405325     37024
    577035     82288
    272640     32739
    633593     48526
     62491     63180
     62494     60650
    594884     76119
    576235     82623
    938771      7916
    815068     80146
    146494     56709
    129060     73809
    916531     10464
    366105     72981
    891735     29585
    157889     48306
    568455     79945
    253332     19009
    386150     57156
    432341     12533
    258586     26857
    748075     32748
    318853     74271
    261646     25332
    993387     43884
    318171     75038
    546749     66818
    433903     14637
    736077     24606
    366541     72577
    346690     79813
    394116     47128
    554412     74577
    679431      7345
    348157     79930
    758713     41626
    350994     82216
    653466     28846
    813604     80243
     62603     65149
    820919     82024
    833415     76696
    293481     53082
    521262     43185
    101768     82273
    642673     38888
    682904     11178
    603484     74094
    651066     27335
    101861     80612
    293348     53963
    328550     80110
    624169     56842
    654311     32317
    158650     48503
    973872     25808
    651817     29118
    700690      5302
    653645     29535
    511724     31958
    774413     62295
    975969     25978
    974205     26658
    318170     75072
    681048     10325
    281579     41588
     82853     78485
    603738     71498
    184691     22668
    169543     37012
    167522     40339
    889466     28611
    928184      9801
    480502     11971
    500030     26103
    869967     46914
    453940      4209
    558772     76233
    850752     67955
    879507     38501
    783507     70758
    301457     60947
    784865     71786
    815143     80236
    386484     57072
    225866      6623
    746991     35030
    785080     69725
    241665     11027
    319637     73961
    265009     26527
    155360     46939
    186218     20898
    459766      4943
    872083     47157
    841973     74036
    559605     76059
    680533     10811
    176855     31708
    282331     46543
    130069     71542
    519715     42563
     62845     63244
     62846     62580
    441105     10254
    604580     73152
    539713     59707
     64690     63767
    743982     36993
     62872     60510
    927800      5304
    757728     45075
    845668     70578
    890433     30456
    566491     81077
    127625     74029
    264671     25412
    357092     76687
    716256     11004
    501051     25923
    129459     71018
     62919     61364
    356514     79109
     55434     53098
    869552     47901
    899829     22238
    414716     28803
     91207     80917
    624027     59002
    376696     68168
    395660     50305
    794336     75151
    291330     54366
    269129     35425
    368384     72381
